0.030869 0.030671 0.000001 0.000061 0.000052 0.000009 0.000000 0.000001 0.000000 0.000000 0.000000 0.000000 0.000000 0.000000 0.000000 1.000000 0.000002 0.000000 0.000000 0.000000 0.000000 0.000070 0.000000 0.000001 0.000000 0.000001
0.012715 0.012613 0.000000 0.000019 0.000020 0.000001 0.000000 0.000000 0.000000 0.000000 0.000000 0.000000 0.000000 0.000000 0.000000 1.000000 0.000002 0.934307 0.000005 0.000000 0.000001 0.000059 0.000000 0.000000 0.000000 0.000000
0.022357 0.022232 0.000001 0.000024 0.000026 0.000002 0.000000 0.000001 0.000000 0.000000 0.000000 0.000000 0.000000 0.000000 0.000000 1.000000 0.000001 0.006452 0.014917 0.000000 0.000001 0.000069 0.000000 0.000000 0.000000 0.000000
0.017306 0.017163 0.000001 0.000026 0.000027 0.000001 0.000000 0.000001 0.000000 0.000000 0.000000 0.000000 0.000000 0.000000 0.000000 1.000000 0.000001 0.006452 0.000005 0.000000 0.000001 0.000083 0.000000 0.000001 0.000000 0.000001
0.024620 0.024517 0.000001 0.000019 0.000020 0.000001 0.000000 0.000001 0.000000 0.000000 0.000000 0.000000 0.000000 0.000000 0.000000 1.000000 0.000001 0.929577 0.000006 0.000000 0.000001 0.000060 0.000000 0.000000 0.000000 0.000000
0.021006 0.020854 0.000001 0.000029 0.000028 0.000002 0.000000 0.000001 0.000000 0.000000 0.000000 0.000000 0.000000 0.000000 0.000000 1.000000 0.000002 0.007576 0.015265 0.000000 0.000001 0.000088 0.000000 0.000000 0.000000 0.000001
0.028676 0.028535 0.000001 0.000024 0.000028 0.000002 0.000000 0.000001 0.000000 0.000000 0.000000 0.000000 0.000000 0.000000 0.000000 1.000000 0.000002 0.700000 0.000005 0.000000 0.000001 0.000081 0.000000 0.000000 0.000000 0.000001
0.013625 0.013320 0.000001 0.000023 0.000021 0.000002 0.000000 0.000000 0.000000 0.000000 0.000000 0.000000 0.000000 0.000000 0.000000 1.000000 0.000205 0.007692 0.013843 0.000000 0.000001 0.000052 0.000000 0.000000 0.000000 0.000000
0.016999 0.016834 0.000001 0.000040 0.000035 0.000002 0.000000 0.000000 0.000000 0.000000 0.000000 0.000000 0.000000 0.000000 0.000000 1.000000 0.000002 0.010989 0.000004 0.000000 0.000001 0.000082 0.000000 0.000000 0.000000 0.000001
0.027943 0.027815 0.000001 0.000026 0.000028 0.000001 0.000000 0.000001 0.000000 0.000000 0.000000 0.000000 0.000000 0.000000 0.000000 1.000000 0.000002 0.007937 0.000007 0.000000 0.000001 0.000067 0.000000 0.000000 0.000000 0.000001
0.029610 0.029498 0.000001 0.000020 0.000021 0.000002 0.000000 0.000001 0.000000 0.000000 0.000000 0.000000 0.000000 0.000000 0.000000 1.000000 0.000001 0.006329 0.000011 0.000000 0.000000 0.000064 0.000000 0.000001 0.000001 0.000000
0.050244 0.050089 0.000000 0.000027 0.000024 0.000002 0.000000 0.000000 0.000000 0.000000 0.000000 0.000000 0.000000 0.000000 0.000000 1.000000 0.000002 0.003636 0.000005 0.000000 0.000001 0.000098 0.000000 0.000000 0.000000 0.000001
0.068308 0.068156 0.000000 0.000024 0.000020 0.000002 0.000000 0.000000 0.000000 0.000000 0.000000 0.000000 0.000000 0.000000 0.000000 1.000000 0.000002 0.002924 0.000005 0.000000 0.000001 0.000102 0.000000 0.000000 0.000000 0.000001
0.071091 0.070946 0.000001 0.000019 0.000020 0.000001 0.000000 0.000000 0.000000 0.000000 0.000000 0.000000 0.000000 0.000000 0.000000 1.000000 0.000001 0.988439 0.000004 0.000000 0.000000 0.000101 0.000000 0.000000 0.000000 0.000001
0.073226 0.073073 0.000001 0.000022 0.000021 0.000002 0.000000 0.000001 0.000000 0.000000 0.000000 0.000000 0.000000 0.000000 0.000000 1.000000 0.000001 0.964912 0.031398 0.000000 0.000001 0.000105 0.000000 0.000000 0.000000 0.000000
0.077456 0.077295 0.000001 0.000027 0.000022 0.000002 0.000000 0.000001 0.000000 0.000000 0.000000 0.000000 0.000000 0.000000 0.000000 1.000000 0.000001 0.002825 0.042856 0.000000 0.000001 0.000107 0.000000 0.000000 0.000000 0.000000
0.070557 0.070367 0.000001 0.000021 0.000024 0.000002 0.000000 0.000000 0.000000 0.000000 0.000000 0.000000 0.000000 0.000000 0.000000 1.000000 0.000002 0.872881 0.000005 0.000000 0.000000 0.000138 0.000000 0.000001 0.000001 0.000000
0.054454 0.054315 0.000000 0.000027 0.000022 0.000001 0.000000 0.000000 0.000000 0.000000 0.000000 0.000000 0.000000 0.000000 0.000000 1.000000 0.000002 0.002825 0.033399 0.000000 0.000000 0.000084 0.000000 0.000000 0.000000 0.000001
0.052470 0.052316 0.000001 0.000028 0.000028 0.000002 0.000000 0.000001 0.000000 0.000000 0.000000 0.000000 0.000000 0.000000 0.000000 1.000000 0.000002 0.004484 0.000005 0.000000 0.000000 0.000090 0.000000 0.000001 0.000000 0.000000
0.039087 0.038944 0.000000 0.000034 0.000033 0.000003 0.000000 0.000001 0.000000 0.000000 0.000000 0.000000 0.000000 0.000000 0.000000 1.000000 0.000002 0.005181 0.000005 0.000000 0.000002 0.000067 0.000000 0.000001 0.000000 0.000001
0.038145 0.038044 0.000000 0.000022 0.000020 0.000002 0.000000 0.000001 0.000000 0.000000 0.000000 0.000000 0.000000 0.000000 0.000000 1.000000 0.000002 0.010753 0.000006 0.000000 0.000001 0.000052 0.000000 0.000001 0.000000 0.000000
0.068219 0.068121 0.000001 0.000021 0.000020 0.000002 0.000000 0.000001 0.000000 0.000000 0.000000 0.000000 0.000000 0.000000 0.000000 1.000000 0.000001 0.451456 0.000004 0.000000 0.000000 0.000052 0.000000 0.000000 0.000001 0.000000
0.074271 0.074133 0.000000 0.000023 0.000022 0.000001 0.000000 0.000001 0.000000 0.000000 0.000000 0.000000 0.000000 0.000000 0.000000 1.000000 0.000002 0.004098 0.009020 0.000000 0.000000 0.000088 0.000000 0.000000 0.000000 0.000001
0.087943 0.087755 0.000001 0.000033 0.000024 0.000002 0.000000 0.000001 0.000000 0.000000 0.000000 0.000000 0.000000 0.000000 0.000000 1.000000 0.000002 0.004098 0.000005 0.000000 0.000000 0.000124 0.000000 0.000001 0.000001 0.000000
0.089295 0.089168 0.000000 0.000020 0.000020 0.000001 0.000000 0.000001 0.000000 0.000000 0.000000 0.000000 0.000000 0.000000 0.000000 1.000000 0.000002 0.870293 0.000008 0.000000 0.000001 0.000081 0.000000 0.000000 0.000000 0.000000
0.068142 0.068021 0.000001 0.000019 0.000019 0.000002 0.000000 0.000001 0.000000 0.000000 0.000000 0.000000 0.000000 0.000000 0.000000 1.000000 0.000001 0.907950 0.022032 0.000000 0.000001 0.000077 0.000000 0.000001 0.000000 0.000000
0.077889 0.077763 0.000000 0.000023 0.000020 0.000002 0.000000 0.000000 0.000000 0.000000 0.000000 0.000000 0.000000 0.000000 0.000000 1.000000 0.000002 0.004184 0.022804 0.000000 0.000001 0.000078 0.000000 0.000000 0.000000 0.000000
0.107987 0.107868 0.000001 0.000019 0.000019 0.000002 0.000000 0.000000 0.000000 0.000000 0.000000 0.000000 0.000000 0.000000 0.000000 1.000000 0.000001 0.771331 0.000004 0.000000 0.000000 0.000076 0.000000 0.000000 0.000001 0.000000
0.106633 0.106488 0.000001 0.000022 0.000020 0.000001 0.000000 0.000000 0.000000 0.000000 0.000000 0.000000 0.000000 0.000000 0.000000 1.000000 0.000001 0.003058 0.021674 0.000000 0.000000 0.000098 0.000000 0.000000 0.000000 0.000001
0.119511 0.119365 0.000000 0.000021 0.000021 0.000001 0.000000 0.000000 0.000000 0.000000 0.000000 0.000000 0.000000 0.000000 0.000000 1.000000 0.000002 0.996942 0.000022 0.000000 0.000001 0.000097 0.000000 0.000001 0.000000 0.000001
0.079013 0.078871 0.000001 0.000019 0.000020 0.000002 0.000000 0.000001 0.000000 0.000000 0.000000 0.000000 0.000000 0.000000 0.000000 1.000000 0.000001 0.706422 0.031146 0.000000 0.000000 0.000098 0.000000 0.000000 0.000001 0.000000
0.107937 0.107794 0.000001 0.000018 0.000019 0.000002 0.000000 0.000001 0.000000 0.000000 0.000000 0.000000 0.000000 0.000000 0.000000 1.000000 0.000001 0.978593 0.030444 0.000000 0.000001 0.000100 0.000000 0.000001 0.000000 0.000000
0.061776 0.061662 0.000001 0.000020 0.000021 0.000002 0.000000 0.000000 0.000000 0.000000 0.000000 0.000000 0.000000 0.000000 0.000000 1.000000 0.000001 0.003058 0.029935 0.000000 0.000000 0.000067 0.000000 0.000001 0.000001 0.000000
0.093469 0.093358 0.000000 0.000020 0.000020 0.000001 0.000000 0.000000 0.000000 0.000000 0.000000 0.000000 0.000000 0.000000 0.000000 1.000000 0.000002 0.814815 0.000019 0.000000 0.000000 0.000067 0.000000 0.000000 0.000000 0.000000
0.063087 0.062979 0.000001 0.000018 0.000020 0.000001 0.000000 0.000000 0.000000 0.000000 0.000000 0.000000 0.000000 0.000000 0.000000 1.000000 0.000001 0.005682 0.016476 0.000000 0.000001 0.000065 0.000000 0.000001 0.000000 0.000000
0.153747 0.153635 0.000000 0.000020 0.000020 0.000002 0.000000 0.000000 0.000000 0.000000 0.000000 0.000000 0.000000 0.000000 0.000000 1.000000 0.000002 0.430000 0.000019 0.000000 0.000001 0.000066 0.000000 0.000000 0.000000 0.000001
0.146591 0.146427 0.000000 0.000022 0.000021 0.000001 0.000000 0.000001 0.000000 0.000000 0.000000 0.000000 0.000000 0.000000 0.000000 1.000000 0.000002 0.002500 0.016289 0.000000 0.000001 0.000114 0.000000 0.000000 0.000000 0.000001
0.137209 0.137046 0.000000 0.000022 0.000021 0.000001 0.000000 0.000001 0.000000 0.000000 0.000000 0.000000 0.000000 0.000000 0.000000 1.000000 0.000002 0.812500 0.000004 0.000000 0.000000 0.000114 0.000000 0.000000 0.000000 0.000001
0.147493 0.147334 0.000001 0.000020 0.000020 0.000002 0.000000 0.000000 0.000000 0.000000 0.000000 0.000000 0.000000 0.000000 0.000000 1.000000 0.000001 0.002500 0.039720 0.000000 0.000000 0.000114 0.000000 0.000000 0.000001 0.000000
0.048687 0.048591 0.000000 0.000021 0.000020 0.000001 0.000000 0.000001 0.000000 0.000000 0.000000 0.000000 0.000000 0.000000 0.000000 1.000000 0.000002 0.002500 0.000019 0.000000 0.000001 0.000049 0.000000 0.000000 0.000000 0.000001
0.048805 0.048716 0.000001 0.000018 0.000019 0.000001 0.000000 0.000001 0.000000 0.000000 0.000000 0.000000 0.000000 0.000000 0.000000 1.000000 0.000002 0.862069 0.000005 0.000000 0.000000 0.000046 0.000000 0.000001 0.000000 0.000001
0.005954 0.005918 0.000001 0.000000 0.000000 0.000000 0.000000 0.000000 0.000000 0.000000 0.000000 0.000000 0.000000 0.000000 0.000000 0.000000 0.000001 0.000000 0.005422 0.000000 0.000001 0.000032 0.000000 0.000000 0.000000 0.000000
0.005541 0.005502 0.000001 0.000000 0.000000 0.000000 0.000000 0.000001 0.000000 0.000000 0.000000 0.000000 0.000000 0.000000 0.000000 0.000000 0.000002 0.000000 0.000006 0.000000 0.000001 0.000033 0.000000 0.000001 0.000000 0.000001
0.068743 0.068625 0.000001 0.000024 0.000021 0.000002 0.000000 0.000000 0.000000 0.000000 0.000000 0.000000 0.000000 0.000000 0.000000 1.000000 0.000001 0.000000 0.000006 0.000000 0.000001 0.000067 0.000000 0.000001 0.000000 0.000000
0.148651 0.148498 0.000001 0.000021 0.000021 0.000002 0.000000 0.000000 0.000000 0.000000 0.000000 0.000000 0.000000 0.000000 0.000000 1.000000 0.000001 0.003497 0.000020 0.000000 0.000001 0.000105 0.000000 0.000001 0.000000 0.000000
0.148412 0.148255 0.000001 0.000021 0.000021 0.000001 0.000000 0.000001 0.000000 0.000000 0.000000 0.000000 0.000000 0.000000 0.000000 1.000000 0.000002 0.003484 0.000005 0.000000 0.000001 0.000109 0.000000 0.000000 0.000000 0.000001
0.192775 0.192615 0.000001 0.000022 0.000021 0.000001 0.000000 0.000000 0.000000 0.000000 0.000000 0.000000 0.000000 0.000000 0.000000 1.000000 0.000002 0.002625 0.000006 0.000000 0.000000 0.000112 0.000000 0.000000 0.000000 0.000001
0.105334 0.105181 0.000001 0.000019 0.000020 0.000002 0.000000 0.000001 0.000000 0.000000 0.000000 0.000000 0.000000 0.000000 0.000000 1.000000 0.000001 0.419948 0.000020 0.000000 0.000001 0.000108 0.000000 0.000000 0.000000 0.000000
0.066706 0.066425 0.000090 0.000044 0.000083 0.000002 0.000000 0.000001 0.000000 0.052632 0.000000 0.000000 0.000000 0.000000 0.000000 0.947368 0.000001 0.002625 0.033845 0.000005 0.000000 0.000059 0.000000 0.000001 0.000000 0.000001
0.109632 0.109388 0.000079 0.000035 0.000065 0.000002 0.000000 0.000001 0.000000 0.076487 0.000000 0.000000 0.000000 0.000000 0.000000 0.923513 0.000002 0.939189 0.000019 0.000001 0.000000 0.000059 0.000000 0.000001 0.000000 0.000001
0.058212 0.057922 0.000081 0.000049 0.000100 0.000001 0.000000 0.000000 0.000000 0.087660 0.000000 0.000000 0.000000 0.000000 0.000000 0.912340 0.000002 0.007194 0.012512 0.000002 0.000000 0.000054 0.000000 0.000001 0.000000 0.000000
0.063674 0.063386 0.000079 0.000052 0.000098 0.000002 0.000000 0.000001 0.000000 0.092973 0.000000 0.000000 0.000000 0.000000 0.000000 0.907027 0.000001 0.477477 0.000004 0.000001 0.000000 0.000053 0.000000 0.000001 0.000000 0.000000
0.009513 0.009480 0.000001 0.000000 0.000000 0.000000 0.000000 0.000000 0.000000 0.000000 0.000000 0.000000 0.000000 0.000000 0.000000 0.000000 0.000001 0.000000 0.009661 0.000000 0.000001 0.000027 0.000000 0.000001 0.000000 0.000001
0.005585 0.005552 0.000001 0.000000 0.000000 0.000000 0.000000 0.000001 0.000000 0.000000 0.000000 0.000000 0.000000 0.000000 0.000000 0.000000 0.000001 0.000000 0.000020 0.000000 0.000001 0.000028 0.000000 0.000001 0.000000 0.000001
0.005358 0.005323 0.000001 0.000000 0.000000 0.000000 0.000000 0.000001 0.000000 0.000000 0.000000 0.000000 0.000000 0.000000 0.000000 0.000000 0.000002 0.000000 0.000005 0.000000 0.000001 0.000030 0.000000 0.000000 0.000000 0.000001
0.005277 0.005235 0.000000 0.000000 0.000000 0.000000 0.000000 0.000001 0.000000 0.000000 0.000000 0.000000 0.000000 0.000000 0.000000 0.000000 0.000002 0.000000 0.000005 0.000000 0.000001 0.000037 0.000000 0.000001 0.000001 0.000000
0.005626 0.005590 0.000001 0.000000 0.000000 0.000000 0.000000 0.000001 0.000000 0.000000 0.000000 0.000000 0.000000 0.000000 0.000000 0.000000 0.000002 0.000000 0.000006 0.000000 0.000001 0.000031 0.000000 0.000000 0.000000 0.000001
0.059275 0.058662 0.000093 0.000132 0.000329 0.000002 0.000000 0.000001 0.000000 0.024300 0.000000 0.000000 0.000000 0.000000 0.000000 0.975700 0.000002 0.000000 0.000005 0.000003 0.000001 0.000053 0.000000 0.000001 0.000000 0.000000
0.100288 0.099617 0.000096 0.000144 0.000367 0.000003 0.000000 0.000001 0.000000 0.063513 0.000000 0.000000 0.000000 0.000000 0.000000 0.936487 0.000001 0.008065 0.000019 0.000002 0.000000 0.000057 0.000000 0.000001 0.000000 0.000000
0.107441 0.106761 0.000099 0.000145 0.000369 0.000002 0.000000 0.000001 0.000000 0.081555 0.000000 0.000000 0.000000 0.000000 0.000000 0.918445 0.000001 0.879433 0.000020 0.000003 0.000000 0.000061 0.000000 0.000001 0.000000 0.000000
0.060041 0.059183 0.000145 0.000177 0.000451 0.000003 0.000000 0.000001 0.000000 0.044347 0.000000 0.000000 0.000000 0.000000 0.000000 0.955653 0.000003 0.008065 0.011408 0.000004 0.000001 0.000077 0.000000 0.000000 0.000000 0.000000
0.115149 0.114401 0.000106 0.000170 0.000411 0.000003 0.000000 0.000001 0.000000 0.035426 0.000000 0.000000 0.000000 0.000000 0.000000 0.964574 0.000001 0.707006 0.000004 0.000002 0.000001 0.000054 0.000000 0.000001 0.000000 0.000000
0.069924 0.069094 0.000104 0.000201 0.000458 0.000003 0.000000 0.000001 0.000000 0.068571 0.000000 0.000000 0.000000 0.000000 0.000000 0.931429 0.000002 0.007634 0.010181 0.000003 0.000000 0.000060 0.000000 0.000001 0.000000 0.000000
0.134630 0.133584 0.000109 0.000242 0.000596 0.000003 0.000000 0.000001 0.000000 0.083926 0.000000 0.000000 0.000000 0.000000 0.000000 0.916074 0.000002 0.006623 0.000005 0.000003 0.000000 0.000091 0.000000 0.000000 0.000000 0.000001
0.084827 0.083833 0.000110 0.000248 0.000571 0.000003 0.000000 0.000001 0.000000 0.091192 0.000000 0.000000 0.000000 0.000000 0.000000 0.908808 0.000002 0.006623 0.000004 0.000004 0.000001 0.000058 0.000000 0.000000 0.000000 0.000001
0.111133 0.110096 0.000108 0.000252 0.000607 0.000003 0.000000 0.000000 0.000000 0.094663 0.000000 0.000000 0.000000 0.000000 0.000000 0.905337 0.000002 0.007463 0.000004 0.000003 0.000001 0.000062 0.000000 0.000001 0.000000 0.000001
0.097405 0.096273 0.000116 0.000262 0.000694 0.000003 0.000000 0.000001 0.000000 0.055145 0.000000 0.000000 0.000000 0.000000 0.000000 0.944855 0.000002 0.007463 0.000019 0.000003 0.000001 0.000053 0.000000 0.000000 0.000000 0.000001
0.117822 0.116728 0.000113 0.000265 0.000655 0.000003 0.000000 0.000000 0.000000 0.044122 0.000000 0.000000 0.000000 0.000000 0.000000 0.955878 0.000002 0.700680 0.000004 0.000004 0.000001 0.000053 0.000000 0.000001 0.000000 0.000001
0.076578 0.075262 0.000107 0.000357 0.000736 0.000003 0.000001 0.000001 0.000015 0.163875 0.000000 0.000000 0.000000 0.000000 0.000000 0.836125 0.000002 0.007194 0.009049 0.000003 0.000036 0.000057 0.000000 0.000001 0.000000 0.000001
0.059142 0.057603 0.000136 0.000318 0.000987 0.000004 0.000001 0.000001 0.000014 0.359850 0.000000 0.000000 0.000000 0.000000 0.000000 0.640150 0.000001 0.791367 0.000004 0.000004 0.000014 0.000062 0.000000 0.000000 0.000000 0.000000
0.062349 0.060790 0.000135 0.000327 0.001013 0.000004 0.000000 0.000000 0.000013 0.628069 0.000000 0.000000 0.000000 0.000000 0.000000 0.371931 0.000002 0.834532 0.012839 0.000004 0.000015 0.000049 0.000000 0.000000 0.000000 0.000001
0.070362 0.068285 0.000148 0.000320 0.001503 0.000004 0.000001 0.000000 0.000015 0.431081 0.000000 0.000000 0.000000 0.000000 0.000000 0.568919 0.000002 0.007194 0.012568 0.000004 0.000024 0.000058 0.000000 0.000001 0.000000 0.000001
0.121934 0.120049 0.000152 0.000323 0.001301 0.000004 0.000000 0.000001 0.000018 0.286062 0.000000 0.000000 0.000000 0.000000 0.000000 0.713938 0.000003 0.007353 0.000004 0.000004 0.000026 0.000057 0.000000 0.000001 0.000000 0.000000
0.080341 0.078464 0.000153 0.000349 0.001302 0.000004 0.000000 0.000000 0.000011 0.159398 0.000000 0.000000 0.000000 0.000000 0.000000 0.840602 0.000002 0.007353 0.000004 0.000005 0.000021 0.000035 0.000000 0.000000 0.000000 0.000000
0.098481 0.096633 0.000155 0.000350 0.001289 0.000004 0.000000 0.000001 0.000000 0.103118 0.000000 0.000000 0.000000 0.000000 0.000000 0.896882 0.000002 0.608696 0.000004 0.000004 0.000001 0.000044 0.000000 0.000001 0.000000 0.000000
0.028677 0.026507 0.000167 0.000359 0.001566 0.000004 0.000000 0.000000 0.000000 0.079789 0.000000 0.000000 0.000000 0.000000 0.000000 0.920211 0.000004 0.017857 0.004990 0.000005 0.000001 0.000066 0.000000 0.000000 0.000000 0.000000
0.094086 0.092089 0.000160 0.000361 0.001425 0.000004 0.000000 0.000000 0.000000 0.070621 0.000000 0.000000 0.000000 0.000000 0.000000 0.929379 0.000002 0.550000 0.000021 0.000004 0.000001 0.000042 0.000000 0.000001 0.000000 0.000001
0.040562 0.038495 0.000177 0.000372 0.001462 0.000003 0.000000 0.000001 0.000000 0.064452 0.000000 0.000000 0.000000 0.000000 0.000000 0.935548 0.000003 0.014706 0.003910 0.000004 0.000000 0.000049 0.000000 0.000000 0.000001 0.000000
0.128527 0.126462 0.000163 0.000373 0.001475 0.000004 0.000000 0.000001 0.000000 0.062109 0.000000 0.000000 0.000000 0.000000 0.000000 0.937891 0.000002 0.441558 0.000003 0.000004 0.000001 0.000047 0.000000 0.000000 0.000000 0.000000
0.199514 0.197239 0.000165 0.000404 0.001570 0.000004 0.000000 0.000000 0.000000 0.080898 0.000000 0.000000 0.000000 0.000000 0.000000 0.919102 0.000003 0.002500 0.006059 0.000005 0.000000 0.000127 0.000000 0.000001 0.000001 0.000000
0.210469 0.208028 0.000172 0.000444 0.001700 0.000004 0.000000 0.000000 0.000000 0.089751 0.000000 0.000000 0.000000 0.000000 0.000000 0.910249 0.000003 0.002500 0.000018 0.000005 0.000001 0.000116 0.000000 0.000000 0.000000 0.000000
0.232997 0.230532 0.000166 0.000446 0.001729 0.000004 0.000000 0.000000 0.000000 0.093973 0.000000 0.000000 0.000000 0.000000 0.000000 0.906027 0.000002 0.002747 0.000019 0.000004 0.000000 0.000117 0.000000 0.000000 0.000001 0.000000
0.249590 0.247038 0.000165 0.000448 0.001804 0.000005 0.000000 0.000001 0.000000 0.095998 0.000000 0.000000 0.000000 0.000000 0.000000 0.904002 0.000002 0.002500 0.000018 0.000005 0.000001 0.000126 0.000000 0.000000 0.000000 0.000000
0.210975 0.208363 0.000169 0.000452 0.001876 0.000005 0.000000 0.000000 0.000000 0.096971 0.000000 0.000000 0.000000 0.000000 0.000000 0.903029 0.000002 0.002500 0.000005 0.000004 0.000001 0.000106 0.000000 0.000001 0.000000 0.000000
0.214380 0.211489 0.000172 0.000463 0.002090 0.000005 0.000000 0.000001 0.000000 0.097440 0.000000 0.000000 0.000000 0.000000 0.000000 0.902560 0.000004 0.957055 0.000018 0.000005 0.000000 0.000154 0.000000 0.000000 0.000000 0.000000
0.147762 0.145155 0.000167 0.000458 0.001875 0.000005 0.000000 0.000001 0.000000 0.097666 0.000000 0.000000 0.000000 0.000000 0.000000 0.902334 0.000002 0.942308 0.028684 0.000004 0.000001 0.000099 0.000000 0.000000 0.000000 0.000000
0.142758 0.139868 0.000175 0.000470 0.002116 0.000004 0.000000 0.000000 0.000000 0.097775 0.000000 0.000000 0.000000 0.000000 0.000000 0.902225 0.000004 0.003205 0.028970 0.000005 0.000000 0.000118 0.000000 0.000000 0.000000 0.000000
0.194551 0.191873 0.000167 0.000472 0.001931 0.000004 0.000000 0.000001 0.000000 0.097827 0.000000 0.000000 0.000000 0.000000 0.000000 0.902173 0.000003 1.000000 0.000020 0.000003 0.000001 0.000097 0.000000 0.000001 0.000000 0.000001
0.176753 0.174042 0.000171 0.000477 0.001950 0.000005 0.000000 0.000001 0.000000 0.097853 0.000000 0.000000 0.000000 0.000000 0.000000 0.902147 0.000003 0.778090 0.026969 0.000004 0.000001 0.000102 0.000000 0.000001 0.000000 0.000001
0.209568 0.206747 0.000172 0.000492 0.002022 0.000005 0.000000 0.000001 0.000000 0.097865 0.000000 0.000000 0.000000 0.000000 0.000000 0.902135 0.000002 0.002500 0.034875 0.000004 0.000001 0.000123 0.000000 0.000001 0.000000 0.000001
0.257131 0.254201 0.000175 0.000507 0.002112 0.000005 0.000000 0.000001 0.000000 0.097871 0.000000 0.000000 0.000000 0.000000 0.000000 0.902129 0.000003 0.002500 0.000019 0.000005 0.000000 0.000126 0.000000 0.000000 0.000000 0.000001
0.236602 0.233695 0.000171 0.000527 0.002085 0.000004 0.000000 0.000000 0.000000 0.097874 0.000000 0.000000 0.000000 0.000000 0.000000 0.902126 0.000003 0.840000 0.000004 0.000004 0.000001 0.000116 0.000000 0.000000 0.000000 0.000000
0.176407 0.173332 0.000180 0.000570 0.002186 0.000006 0.000000 0.000001 0.000000 0.097875 0.000000 0.000000 0.000000 0.000000 0.000000 0.902125 0.000003 0.002500 0.037416 0.000004 0.000001 0.000130 0.000000 0.000000 0.000000 0.000000
0.254675 0.251679 0.000172 0.000567 0.002151 0.000004 0.000000 0.000000 0.000000 0.097876 0.000000 0.000000 0.000000 0.000000 0.000000 0.902124 0.000003 0.812500 0.000020 0.000004 0.000000 0.000098 0.000000 0.000000 0.000000 0.000000
0.195922 0.192911 0.000174 0.000566 0.002160 0.000004 0.000000 0.000000 0.000000 0.097876 0.000000 0.000000 0.000000 0.000000 0.000000 0.902124 0.000003 0.812500 0.029984 0.000004 0.000000 0.000103 0.000000 0.000000 0.000000 0.000000
0.181220 0.178146 0.000178 0.000556 0.002225 0.000004 0.000000 0.000001 0.000000 0.097876 0.000000 0.000000 0.000000 0.000000 0.000000 0.902124 0.000003 0.002809 0.030956 0.000004 0.000000 0.000106 0.000000 0.000000 0.000001 0.000000
0.257375 0.254303 0.000174 0.000570 0.002212 0.000005 0.000000 0.000000 0.000000 0.097876 0.000000 0.000000 0.000000 0.000000 0.000000 0.902124 0.000002 0.896725 0.000004 0.000004 0.000000 0.000106 0.000000 0.000000 0.000000 0.000001
0.170312 0.167211 0.000176 0.000573 0.002231 0.000004 0.000000 0.000001 0.000000 0.097876 0.000000 0.000000 0.000000 0.000000 0.000000 0.902124 0.000003 0.935393 0.032878 0.000004 0.000001 0.000111 0.000000 0.000000 0.000000 0.000000
0.202197 0.198982 0.000179 0.000598 0.002312 0.000005 0.000000 0.000000 0.000000 0.097876 0.000000 0.000000 0.000000 0.000000 0.000000 0.902124 0.000003 0.002500 0.033461 0.000004 0.000000 0.000117 0.000000 0.000000 0.000001 0.000000
0.225500 0.222233 0.000179 0.000583 0.002396 0.000004 0.000000 0.000000 0.000000 0.097876 0.000000 0.000000 0.000000 0.000000 0.000000 0.902124 0.000003 0.002500 0.000019 0.000004 0.000001 0.000101 0.000000 0.000000 0.000000 0.000000
0.233256 0.229898 0.000184 0.000580 0.002480 0.000005 0.000000 0.000000 0.000000 0.097876 0.000000 0.000000 0.000000 0.000000 0.000000 0.902124 0.000002 0.002967 0.000004 0.000005 0.000001 0.000105 0.000000 0.000001 0.000000 0.000000
0.223658 0.220160 0.000218 0.000586 0.002586 0.000005 0.000000 0.000001 0.000000 0.097876 0.000000 0.000000 0.000000 0.000000 0.000000 0.902124 0.000003 0.002967 0.000019 0.000005 0.000000 0.000098 0.000000 0.000001 0.000001 0.000000
0.237747 0.234296 0.000181 0.000594 0.002568 0.000005 0.000000 0.000001 0.000000 0.097876 0.000000 0.000000 0.000000 0.000000 0.000000 0.902124 0.000003 0.911243 0.000004 0.000004 0.000001 0.000098 0.000000 0.000000 0.000000 0.000000
0.192398 0.188841 0.000184 0.000600 0.002648 0.000006 0.000000 0.000001 0.000000 0.097876 0.000000 0.000000 0.000000 0.000000 0.000000 0.902124 0.000003 0.002653 0.028891 0.000005 0.000001 0.000115 0.000000 0.000000 0.000000 0.000000
0.267679 0.264118 0.000218 0.000594 0.002628 0.000006 0.000000 0.000000 0.000000 0.097876 0.000000 0.000000 0.000000 0.000000 0.000000 0.902124 0.000003 0.942500 0.000004 0.000005 0.000001 0.000110 0.000000 0.000001 0.000000 0.000000
0.208066 0.204454 0.000185 0.000596 0.002708 0.000005 0.000000 0.000000 0.000000 0.097876 0.000000 0.000000 0.000000 0.000000 0.000000 0.902124 0.000003 0.002500 0.035008 0.000005 0.000000 0.000114 0.000000 0.000000 0.000000 0.000001
0.273818 0.270193 0.000184 0.000612 0.002692 0.000005 0.000000 0.000001 0.000000 0.097876 0.000000 0.000000 0.000000 0.000000 0.000000 0.902124 0.000004 1.000000 0.000020 0.000005 0.000000 0.000126 0.000000 0.000001 0.000001 0.000000
0.151202 0.147613 0.000185 0.000600 0.002674 0.000005 0.000000 0.000001 0.000000 0.097876 0.000000 0.000000 0.000000 0.000000 0.000000 0.902124 0.000004 0.725000 0.036230 0.000004 0.000000 0.000119 0.000000 0.000001 0.000001 0.000000
0.117310 0.113665 0.000186 0.000592 0.002773 0.000006 0.000000 0.000000 0.000000 0.097876 0.000000 0.000000 0.000000 0.000000 0.000000 0.902124 0.000003 0.002500 0.036228 0.000005 0.000001 0.000083 0.000000 0.000000 0.000000 0.000001
0.193117 0.189428 0.000185 0.000627 0.002784 0.000005 0.000000 0.000001 0.000000 0.097876 0.000000 0.000000 0.000000 0.000000 0.000000 0.902124 0.000004 0.995633 0.000004 0.000004 0.000001 0.000080 0.000000 0.000001 0.000000 0.000000
0.103982 0.100313 0.000184 0.000611 0.002784 0.000004 0.000000 0.000001 0.000000 0.097876 0.000000 0.000000 0.000000 0.000000 0.000000 0.902124 0.000004 0.850877 0.020601 0.000005 0.000001 0.000080 0.000000 0.000000 0.000000 0.000000
0.104834 0.101071 0.000187 0.000632 0.002858 0.000005 0.000000 0.000000 0.000000 0.097876 0.000000 0.000000 0.000000 0.000000 0.000000 0.902124 0.000003 0.004386 0.020607 0.000005 0.000000 0.000076 0.000000 0.000000 0.000000 0.000001
0.177334 0.173594 0.000186 0.000618 0.002852 0.000005 0.000000 0.000000 0.000000 0.097876 0.000000 0.000000 0.000000 0.000000 0.000000 0.902124 0.000003 0.984456 0.000019 0.000005 0.000001 0.000074 0.000000 0.000001 0.000000 0.000000
0.091842 0.087988 0.000189 0.000644 0.002940 0.000006 0.000000 0.000001 0.000000 0.097876 0.000000 0.000000 0.000000 0.000000 0.000000 0.902124 0.000003 0.005263 0.017727 0.000006 0.000001 0.000070 0.000000 0.000000 0.000000 0.000000
0.147603 0.143704 0.000187 0.000648 0.002985 0.000005 0.000000 0.000001 0.000000 0.097876 0.000000 0.000000 0.000000 0.000000 0.000000 0.902124 0.000003 0.692308 0.000019 0.000005 0.000000 0.000069 0.000000 0.000000 0.000001 0.000000
0.054778 0.050858 0.000191 0.000632 0.003036 0.000006 0.000000 0.000001 0.000000 0.068009 0.000000 0.000000 0.000000 0.000000 0.000000 0.931991 0.000003 0.005917 0.014922 0.000005 0.000000 0.000050 0.000000 0.000000 0.000000 0.000000
0.119013 0.114945 0.000186 0.000653 0.003175 0.000006 0.000000 0.000001 0.000000 0.064963 0.000000 0.000000 0.000000 0.000000 0.000000 0.935037 0.000003 0.012500 0.000018 0.000007 0.000000 0.000044 0.000000 0.000000 0.000000 0.000001
0.132858 0.128701 0.000195 0.000658 0.003242 0.000006 0.000000 0.000000 0.000000 0.057321 0.000000 0.000000 0.000000 0.000000 0.000000 0.942679 0.000004 0.013333 0.000019 0.000007 0.000000 0.000050 0.000000 0.000000 0.000001 0.000000
0.134962 0.130710 0.000193 0.000680 0.003317 0.000005 0.000000 0.000001 0.000000 0.052564 0.000000 0.000000 0.000000 0.000000 0.000000 0.947436 0.000004 0.012500 0.000019 0.000006 0.000000 0.000052 0.000000 0.000000 0.000000 0.000001
0.192988 0.188628 0.000195 0.000678 0.003395 0.000006 0.000000 0.000001 0.000000 0.076456 0.000000 0.000000 0.000000 0.000000 0.000000 0.923544 0.000003 0.004926 0.000004 0.000006 0.000001 0.000081 0.000000 0.000001 0.000000 0.000000
0.204439 0.200084 0.000193 0.000695 0.003382 0.000006 0.000000 0.000001 0.000000 0.087645 0.000000 0.000000 0.000000 0.000000 0.000000 0.912355 0.000003 0.886463 0.000020 0.000006 0.000000 0.000074 0.000000 0.000001 0.000000 0.000001
0.101509 0.097112 0.000196 0.000697 0.003420 0.000006 0.000000 0.000001 0.000000 0.092966 0.000000 0.000000 0.000000 0.000000 0.000000 0.907034 0.000003 0.004926 0.018421 0.000006 0.000001 0.000072 0.000000 0.000001 0.000000 0.000001
0.202366 0.197914 0.000194 0.000706 0.003469 0.000006 0.000000 0.000000 0.000000 0.095514 0.000000 0.000000 0.000000 0.000000 0.000000 0.904486 0.000003 0.877273 0.000020 0.000006 0.000000 0.000073 0.000000 0.000000 0.000001 0.000000
0.116898 0.112482 0.000210 0.000706 0.003415 0.000006 0.000000 0.000001 0.000000 0.096738 0.000000 0.000000 0.000000 0.000000 0.000000 0.903262 0.000003 0.865471 0.017851 0.000006 0.000000 0.000073 0.000000 0.000001 0.000000 0.000001
0.101553 0.096947 0.000305 0.000713 0.003457 0.000006 0.000000 0.000000 0.000000 0.097328 0.000000 0.000000 0.000000 0.000000 0.000000 0.902672 0.000004 0.005181 0.017855 0.000008 0.000001 0.000117 0.000000 0.000001 0.000000 0.000001
0.184833 0.180393 0.000210 0.000718 0.003429 0.000006 0.000000 0.000000 0.000000 0.097612 0.000000 0.000000 0.000000 0.000000 0.000000 0.902388 0.000003 0.926316 0.000006 0.000006 0.000001 0.000073 0.000000 0.000000 0.000000 0.000000
0.090720 0.086286 0.000197 0.000722 0.003437 0.000006 0.000000 0.000001 0.000000 0.097749 0.000000 0.000000 0.000000 0.000000 0.000000 0.902251 0.000004 0.005263 0.017551 0.000006 0.000000 0.000066 0.000000 0.000001 0.000000 0.000001
0.214006 0.209558 0.000196 0.000712 0.003442 0.000007 0.000000 0.000000 0.000000 0.097815 0.000000 0.000000 0.000000 0.000000 0.000000 0.902185 0.000003 0.004255 0.000020 0.000007 0.000001 0.000086 0.000000 0.000001 0.000000 0.000000
0.219585 0.215009 0.000188 0.000734 0.003556 0.000006 0.000000 0.000000 0.000000 0.097847 0.000000 0.000000 0.000000 0.000000 0.000000 0.902153 0.000004 0.004237 0.000003 0.000007 0.000000 0.000086 0.000000 0.000001 0.000001 0.000000
0.148099 0.143432 0.000227 0.000754 0.003619 0.000006 0.000000 0.000001 0.000000 0.065552 0.000000 0.000000 0.000000 0.000000 0.000000 0.934448 0.000003 0.004237 0.000019 0.000007 0.000001 0.000054 0.000000 0.000000 0.000000 0.000001
0.221713 0.216882 0.000220 0.000767 0.003747 0.000006 0.000000 0.000001 0.000000 0.082510 0.000000 0.000000 0.000000 0.000000 0.000000 0.917490 0.000003 0.004237 0.000020 0.000007 0.000001 0.000085 0.000000 0.000000 0.000000 0.000001
0.205914 0.200984 0.000223 0.000813 0.003803 0.000006 0.000000 0.000000 0.000000 0.090517 0.000000 0.000000 0.000000 0.000000 0.000000 0.909483 0.000003 0.004237 0.000004 0.000007 0.000000 0.000080 0.000000 0.000000 0.000001 0.000000
0.207544 0.202586 0.000220 0.000825 0.003825 0.000006 0.000000 0.000000 0.000000 0.094340 0.000000 0.000000 0.000000 0.000000 0.000000 0.905660 0.000003 0.970588 0.000019 0.000007 0.000001 0.000076 0.000000 0.000000 0.000000 0.000001
0.118983 0.113918 0.000224 0.000833 0.003912 0.000006 0.000000 0.000001 0.000000 0.096174 0.000000 0.000000 0.000000 0.000000 0.000000 0.903826 0.000004 0.004444 0.019227 0.000007 0.000001 0.000084 0.000000 0.000000 0.000000 0.000000
0.257324 0.252223 0.000223 0.000832 0.003954 0.000006 0.000000 0.000000 0.000000 0.097056 0.000000 0.000000 0.000000 0.000000 0.000000 0.902944 0.000004 0.786713 0.000019 0.000007 0.000000 0.000079 0.000000 0.000000 0.000001 0.000000
0.205155 0.199907 0.000225 0.000837 0.004053 0.000006 0.000000 0.000000 0.000000 0.097481 0.000000 0.000000 0.000000 0.000000 0.000000 0.902519 0.000004 0.002500 0.022188 0.000007 0.000001 0.000123 0.000000 0.000000 0.000000 0.000000
0.269222 0.263924 0.000228 0.000870 0.004084 0.000006 0.000000 0.000000 0.000000 0.097686 0.000000 0.000000 0.000000 0.000000 0.000000 0.902314 0.000004 0.002500 0.000005 0.000008 0.000001 0.000104 0.000000 0.000000 0.000000 0.000001
0.235892 0.230594 0.000225 0.000884 0.004077 0.000006 0.000000 0.000000 0.000000 0.097785 0.000000 0.000000 0.000000 0.000000 0.000000 0.902215 0.000005 0.763240 0.000019 0.000008 0.000001 0.000100 0.000000 0.000000 0.000000 0.000000
0.125580 0.120246 0.000238 0.000888 0.004075 0.000006 0.000000 0.000000 0.000000 0.097832 0.000000 0.000000 0.000000 0.000000 0.000000 0.902168 0.000004 0.744548 0.030699 0.000008 0.000001 0.000121 0.000000 0.000000 0.000000 0.000001
0.141779 0.136518 0.000224 0.000859 0.004066 0.000006 0.000000 0.000001 0.000000 0.097855 0.000000 0.000000 0.000000 0.000000 0.000000 0.902145 0.000004 0.866044 0.030383 0.000008 0.000001 0.000099 0.000000 0.000001 0.000000 0.000000
0.166223 0.160758 0.000234 0.000876 0.004240 0.000006 0.000000 0.000001 0.000000 0.097866 0.000000 0.000000 0.000000 0.000000 0.000000 0.902134 0.000003 0.003077 0.030870 0.000007 0.000000 0.000103 0.000000 0.000001 0.000000 0.000001
0.306429 0.300870 0.000232 0.000927 0.004261 0.000007 0.000000 0.000001 0.000000 0.097871 0.000000 0.000000 0.000000 0.000000 0.000000 0.902129 0.000003 0.002500 0.000004 0.000008 0.000001 0.000128 0.000000 0.000000 0.000000 0.000000
0.311956 0.306264 0.000231 0.000965 0.004363 0.000007 0.000000 0.000001 0.000000 0.097874 0.000000 0.000000 0.000000 0.000000 0.000000 0.902126 0.000004 0.002500 0.000019 0.000009 0.000001 0.000121 0.000000 0.000000 0.000000 0.000000
0.268936 0.263185 0.000234 0.000999 0.004408 0.000007 0.000000 0.000001 0.000000 0.097875 0.000000 0.000000 0.000000 0.000000 0.000000 0.902125 0.000003 0.002500 0.000018 0.000008 0.000001 0.000098 0.000000 0.000000 0.000000 0.000000
0.276425 0.270493 0.000236 0.001034 0.004549 0.000006 0.000000 0.000001 0.000000 0.097876 0.000000 0.000000 0.000000 0.000000 0.000000 0.902124 0.000004 0.003226 0.000018 0.000009 0.000001 0.000102 0.000000 0.000000 0.000000 0.000000
0.231437 0.225564 0.000234 0.001039 0.004486 0.000007 0.000000 0.000000 0.000000 0.097876 0.000000 0.000000 0.000000 0.000000 0.000000 0.902124 0.000004 0.716129 0.000018 0.000009 0.000001 0.000099 0.000000 0.000000 0.000000 0.000000
0.165858 0.159874 0.000237 0.001051 0.004575 0.000007 0.000000 0.000000 0.000000 0.097876 0.000000 0.000000 0.000000 0.000000 0.000000 0.902124 0.000004 0.003145 0.029242 0.000009 0.000001 0.000108 0.000000 0.000000 0.000000 0.000000
0.254094 0.248062 0.000239 0.001061 0.004611 0.000006 0.000000 0.000000 0.000000 0.097876 0.000000 0.000000 0.000000 0.000000 0.000000 0.902124 0.000005 0.855346 0.000004 0.000008 0.000000 0.000107 0.000000 0.000000 0.000000 0.000001
0.156093 0.150123 0.000235 0.001064 0.004559 0.000007 0.000000 0.000001 0.000000 0.097876 0.000000 0.000000 0.000000 0.000000 0.000000 0.902124 0.000004 0.959119 0.029376 0.000008 0.000001 0.000098 0.000000 0.000001 0.000000 0.000001
0.167622 0.161558 0.000237 0.001036 0.004672 0.000006 0.000000 0.000001 0.000000 0.097876 0.000000 0.000000 0.000000 0.000000 0.000000 0.902124 0.000004 0.003106 0.030155 0.000009 0.000001 0.000107 0.000000 0.000000 0.000000 0.000000
0.268187 0.262001 0.000243 0.001105 0.004723 0.000007 0.000000 0.000000 0.000000 0.097876 0.000000 0.000000 0.000000 0.000000 0.000000 0.902124 0.000004 0.003106 0.000004 0.000009 0.000000 0.000102 0.000000 0.000001 0.000000 0.000001
0.247613 0.241343 0.000269 0.001102 0.004766 0.000009 0.000000 0.000001 0.000000 0.097876 0.000000 0.000000 0.000000 0.000000 0.000000 0.902124 0.000006 0.827586 0.000004 0.000010 0.000001 0.000116 0.000000 0.000000 0.000000 0.000000
0.199509 0.193328 0.000239 0.001113 0.004715 0.000007 0.000000 0.000001 0.000000 0.097876 0.000000 0.000000 0.000000 0.000000 0.000000 0.902124 0.000005 0.736041 0.027398 0.000008 0.000001 0.000100 0.000000 0.000000 0.000000 0.000000
0.084569 0.078283 0.000243 0.001122 0.004842 0.000007 0.000000 0.000001 0.000000 0.056959 0.000000 0.000000 0.000000 0.000000 0.000000 0.943041 0.000004 0.003448 0.026529 0.000009 0.000001 0.000065 0.000000 0.000001 0.000000 0.000000
0.186962 0.180738 0.000243 0.001132 0.004772 0.000007 0.000000 0.000001 0.000000 0.045273 0.000000 0.000000 0.000000 0.000000 0.000000 0.954727 0.000004 0.659574 0.000004 0.000009 0.000001 0.000063 0.000000 0.000001 0.000000 0.000001
0.053037 0.046795 0.000247 0.001152 0.004766 0.000007 0.000000 0.000000 0.000000 0.042048 0.000000 0.000000 0.000000 0.000000 0.000000 0.957952 0.000003 0.595745 0.012700 0.000009 0.000000 0.000064 0.000000 0.000000 0.000000 0.000001
0.039230 0.032891 0.000243 0.001172 0.004865 0.000007 0.000000 0.000001 0.000000 0.062396 0.000000 0.000000 0.000000 0.000000 0.000000 0.937604 0.000004 0.007092 0.013406 0.000010 0.000001 0.000046 0.000000 0.000001 0.000000 0.000000
0.133694 0.133661 0.000001 0.000000 0.000000 0.000000 0.000000 0.000001 0.000000 0.000000 0.000000 0.000000 0.000000 0.000000 0.000000 0.000000 0.000002 0.000000 0.000019 0.000000 0.000001 0.000029 0.000000 0.000000 0.000000 0.000000
0.036724 0.030197 0.000239 0.001218 0.005010 0.000007 0.000000 0.000000 0.000000 0.071955 0.000000 0.000000 0.000000 0.000000 0.000000 0.928045 0.000005 0.000000 0.000021 0.000009 0.000000 0.000046 0.000000 0.000000 0.000001 0.000000
0.202005 0.195430 0.000242 0.001227 0.005031 0.000008 0.000000 0.000000 0.000000 0.054159 0.000000 0.000000 0.000000 0.000000 0.000000 0.945841 0.000004 0.008000 0.000004 0.000009 0.000000 0.000062 0.000000 0.000000 0.000001 0.000000
0.277686 0.270955 0.000242 0.001247 0.005129 0.000007 0.000000 0.000000 0.000000 0.077196 0.000000 0.000000 0.000000 0.000000 0.000000 0.922804 0.000005 0.003390 0.000019 0.000009 0.000001 0.000099 0.000000 0.000001 0.000000 0.000000
0.282829 0.274450 0.000254 0.001270 0.006690 0.000008 0.000000 0.000001 0.000000 0.087995 0.000000 0.000000 0.000000 0.000000 0.000000 0.912005 0.000009 0.003378 0.000004 0.000010 0.000001 0.000145 0.000000 0.000000 0.000000 0.000001
0.255400 0.248581 0.000246 0.001268 0.005203 0.000007 0.000000 0.000000 0.000000 0.093133 0.000000 0.000000 0.000000 0.000000 0.000000 0.906867 0.000004 0.003378 0.000024 0.000009 0.000001 0.000088 0.000000 0.000000 0.000000 0.000001
0.275278 0.268484 0.000239 0.001282 0.005178 0.000007 0.000000 0.000001 0.000000 0.095594 0.000000 0.000000 0.000000 0.000000 0.000000 0.904406 0.000005 0.817204 0.000019 0.000009 0.000001 0.000080 0.000000 0.000001 0.000000 0.000001
0.128295 0.121433 0.000241 0.001281 0.005240 0.000007 0.000000 0.000000 0.000000 0.096777 0.000000 0.000000 0.000000 0.000000 0.000000 0.903223 0.000005 0.004292 0.021374 0.000009 0.000001 0.000085 0.000000 0.000001 0.000000 0.000001
0.286874 0.280026 0.000238 0.001281 0.005231 0.000007 0.000000 0.000001 0.000000 0.097347 0.000000 0.000000 0.000000 0.000000 0.000000 0.902653 0.000004 0.806228 0.000019 0.000009 0.000001 0.000084 0.000000 0.000000 0.000000 0.000000
0.159871 0.152939 0.000247 0.001238 0.005335 0.000007 0.000000 0.000001 0.000000 0.097621 0.000000 0.000000 0.000000 0.000000 0.000000 0.902379 0.000005 0.003300 0.023374 0.000010 0.000001 0.000099 0.000000 0.000000 0.000000 0.000000
0.323762 0.316654 0.000260 0.001307 0.005409 0.000008 0.000000 0.000000 0.000000 0.097753 0.000000 0.000000 0.000000 0.000000 0.000000 0.902247 0.000005 0.002717 0.000018 0.000012 0.000001 0.000117 0.000000 0.000000 0.000000 0.000001
0.263018 0.255900 0.000244 0.001319 0.005458 0.000008 0.000000 0.000000 0.000000 0.097817 0.000000 0.000000 0.000000 0.000000 0.000000 0.902183 0.000004 0.002717 0.000019 0.000010 0.000000 0.000084 0.000000 0.000000 0.000001 0.000000
0.265992 0.258870 0.000242 0.001341 0.005440 0.000008 0.000000 0.000000 0.000000 0.097848 0.000000 0.000000 0.000000 0.000000 0.000000 0.902152 0.000005 0.974895 0.000019 0.000009 0.000000 0.000084 0.000000 0.000000 0.000001 0.000000
0.138041 0.130881 0.000242 0.001325 0.005491 0.000007 0.000000 0.000001 0.000000 0.097862 0.000000 0.000000 0.000000 0.000000 0.000000 0.902138 0.000005 0.003906 0.022245 0.000010 0.000001 0.000089 0.000000 0.000000 0.000000 0.000000
0.284820 0.277608 0.000244 0.001312 0.005549 0.000008 0.000000 0.000000 0.000000 0.097870 0.000000 0.000000 0.000000 0.000000 0.000000 0.902130 0.000004 0.003676 0.000020 0.000010 0.000000 0.000091 0.000000 0.000001 0.000000 0.000001
0.253881 0.246576 0.000242 0.001362 0.005608 0.000008 0.000000 0.000000 0.000000 0.097873 0.000000 0.000000 0.000000 0.000000 0.000000 0.902127 0.000005 0.003676 0.000019 0.000010 0.000001 0.000079 0.000000 0.000000 0.000000 0.000000
0.195221 0.186915 0.000252 0.001405 0.006544 0.000009 0.000000 0.000000 0.000000 0.080394 0.000000 0.000000 0.000000 0.000000 0.000000 0.919606 0.000009 0.004926 0.000003 0.000010 0.000001 0.000084 0.000000 0.000000 0.000000 0.000001
0.194120 0.186690 0.000241 0.001422 0.005705 0.000007 0.000000 0.000000 0.000000 0.076101 0.000000 0.000000 0.000000 0.000000 0.000000 0.923899 0.000005 0.014706 0.000004 0.000010 0.000001 0.000047 0.000000 0.000001 0.000000 0.000001
0.160747 0.160714 0.000001 0.000000 0.000000 0.000000 0.000000 0.000001 0.000000 0.000000 0.000000 0.000000 0.000000 0.000000 0.000000 0.000000 0.000001 0.000000 0.000019 0.000000 0.000001 0.000028 0.000000 0.000001 0.000000 0.000001
0.117724 0.110078 0.000259 0.001440 0.005852 0.000008 0.000000 0.000001 0.000000 0.087477 0.000000 0.000000 0.000000 0.000000 0.000000 0.912523 0.000005 0.000000 0.000021 0.000009 0.000000 0.000079 0.000000 0.000001 0.000000 0.000001
0.273719 0.265896 0.000254 0.001453 0.005987 0.000008 0.000000 0.000000 0.000000 0.092885 0.000000 0.000000 0.000000 0.000000 0.000000 0.907115 0.000008 0.004310 0.000018 0.000010 0.000000 0.000112 0.000000 0.000000 0.000000 0.000001
0.336621 0.328850 0.000242 0.001476 0.005945 0.000008 0.000000 0.000001 0.000000 0.095475 0.000000 0.000000 0.000000 0.000000 0.000000 0.904525 0.000005 0.632153 0.000021 0.000010 0.000000 0.000092 0.000000 0.000000 0.000000 0.000001
0.163401 0.155456 0.000250 0.001476 0.006067 0.000008 0.000000 0.000000 0.000000 0.096720 0.000000 0.000000 0.000000 0.000000 0.000000 0.903280 0.000008 0.003205 0.021931 0.000010 0.000001 0.000134 0.000000 0.000000 0.000000 0.000001
0.346201 0.338369 0.000242 0.001502 0.005971 0.000008 0.000000 0.000001 0.000000 0.097319 0.000000 0.000000 0.000000 0.000000 0.000000 0.902681 0.000007 0.821053 0.000005 0.000009 0.000001 0.000100 0.000000 0.000000 0.000000 0.000000
0.171302 0.162810 0.000374 0.001623 0.006373 0.000009 0.000000 0.000000 0.000000 0.097608 0.000000 0.000000 0.000000 0.000000 0.000000 0.902392 0.000005 0.003205 0.029170 0.000123 0.000001 0.000106 0.000000 0.000001 0.000000 0.000000
0.317085 0.308486 0.000258 0.001743 0.006473 0.000008 0.000000 0.000000 0.000000 0.097747 0.000000 0.000000 0.000000 0.000000 0.000000 0.902253 0.000007 0.003279 0.000006 0.000010 0.000001 0.000109 0.000000 0.000000 0.000000 0.000000
0.274170 0.266176 0.000242 0.001552 0.006089 0.000009 0.000000 0.000001 0.000000 0.097814 0.000000 0.000000 0.000000 0.000000 0.000000 0.902186 0.000005 0.729452 0.000019 0.000009 0.000000 0.000094 0.000000 0.000000 0.000000 0.000001
0.118456 0.110383 0.000245 0.001582 0.006151 0.000008 0.000000 0.000000 0.000000 0.097846 0.000000 0.000000 0.000000 0.000000 0.000000 0.902154 0.000005 0.003425 0.027131 0.000009 0.000000 0.000079 0.000000 0.000000 0.000000 0.000001
0.273268 0.265151 0.000244 0.001561 0.006219 0.000008 0.000000 0.000001 0.000000 0.097862 0.000000 0.000000 0.000000 0.000000 0.000000 0.902138 0.000005 0.933962 0.000019 0.000009 0.000001 0.000078 0.000000 0.000000 0.000000 0.000000
0.122211 0.113855 0.000266 0.001615 0.006321 0.000010 0.000000 0.000001 0.000000 0.097869 0.000000 0.000000 0.000000 0.000000 0.000000 0.902131 0.000012 0.004484 0.020168 0.000011 0.000001 0.000129 0.000000 0.000000 0.000000 0.000001
0.278047 0.269971 0.000242 0.001556 0.006184 0.000009 0.000000 0.000000 0.000000 0.097872 0.000000 0.000000 0.000000 0.000000 0.000000 0.902128 0.000005 0.964126 0.000005 0.000009 0.000000 0.000079 0.000000 0.000000 0.000001 0.000000
0.172940 0.164766 0.000250 0.001628 0.006197 0.000008 0.000000 0.000000 0.000000 0.097874 0.000000 0.000000 0.000000 0.000000 0.000000 0.902126 0.000006 0.677812 0.021940 0.000010 0.000001 0.000084 0.000000 0.000000 0.000000 0.000000
0.213972 0.205632 0.000250 0.001629 0.006294 0.000009 0.000000 0.000002 0.000000 0.097875 0.000000 0.000000 0.000000 0.000000 0.000000 0.902125 0.000005 0.002500 0.020727 0.000010 0.000000 0.000151 0.000000 0.000000 0.000001 0.000000
0.366910 0.358429 0.000245 0.001727 0.006359 0.000010 0.000000 0.000000 0.000000 0.097876 0.000000 0.000000 0.000000 0.000000 0.000000 0.902124 0.000005 0.002500 0.000006 0.000010 0.000000 0.000134 0.000000 0.000000 0.000001 0.000000
0.256338 0.247917 0.000191 0.001710 0.006415 0.000009 0.000000 0.000000 0.000015 0.226776 0.000000 0.000000 0.000000 0.000000 0.000000 0.773224 0.000006 0.002500 0.000005 0.000006 0.000022 0.000053 0.000000 0.000000 0.000000 0.000000
0.075873 0.066884 0.000222 0.001725 0.006941 0.000009 0.000000 0.000000 0.000015 0.617991 0.000000 0.000000 0.000000 0.000000 0.000000 0.382009 0.000005 0.817610 0.000006 0.000007 0.000017 0.000052 0.000000 0.000000 0.000000 0.000001
0.066584 0.057406 0.000231 0.001764 0.007089 0.000009 0.000001 0.000001 0.000013 0.922398 0.000000 0.000000 0.000000 0.000000 0.000000 0.077602 0.000005 0.006289 0.014465 0.000007 0.000023 0.000042 0.000000 0.000001 0.000000 0.000000
0.046426 0.037238 0.000229 0.001759 0.007110 0.000009 0.000000 0.000000 0.000013 0.983029 0.000000 0.000000 0.000000 0.000000 0.000000 0.016971 0.000006 0.626168 0.000019 0.000007 0.000018 0.000044 0.000000 0.000000 0.000000 0.000000
0.009225 0.005409 0.000001 0.000000 0.000000 0.000000 0.000000 0.000000 0.000000 0.000000 0.000000 0.000000 0.000000 0.000000 0.000000 0.000000 0.003731 0.000000 0.009368 0.000000 0.000014 0.000068 0.000000 0.000001 0.000000 0.000001
0.005830 0.005795 0.000001 0.000000 0.000000 0.000000 0.000000 0.000000 0.000000 0.000000 0.000000 0.000000 0.000000 0.000000 0.000000 0.000000 0.000001 0.000000 0.000022 0.000000 0.000001 0.000030 0.000000 0.000001 0.000000 0.000001
0.005447 0.005412 0.000000 0.000000 0.000000 0.000000 0.000000 0.000001 0.000000 0.000000 0.000000 0.000000 0.000000 0.000000 0.000000 0.000000 0.000002 0.000000 0.000005 0.000000 0.000001 0.000029 0.000000 0.000001 0.000000 0.000001
0.004978 0.004948 0.000000 0.000000 0.000000 0.000000 0.000000 0.000001 0.000000 0.000000 0.000000 0.000000 0.000000 0.000000 0.000000 0.000000 0.000002 0.000000 0.000005 0.000000 0.000000 0.000025 0.000000 0.000000 0.000000 0.000001
0.060837 0.050990 0.000259 0.001771 0.007720 0.000010 0.000000 0.000001 0.000012 0.873495 0.000000 0.000000 0.000000 0.000000 0.000000 0.126505 0.000006 0.000000 0.000005 0.000008 0.000024 0.000043 0.000000 0.000001 0.000000 0.000001
0.069943 0.059950 0.000246 0.001773 0.007873 0.000010 0.000000 0.000001 0.000013 0.556853 0.000000 0.000000 0.000000 0.000000 0.000000 0.443147 0.000005 0.008696 0.000004 0.000007 0.000024 0.000046 0.000000 0.000001 0.000001 0.000000
0.249617 0.239622 0.000246 0.001801 0.007856 0.000009 0.000001 0.000000 0.000013 0.274820 0.000000 0.000000 0.000000 0.000000 0.000000 0.725180 0.000005 0.839416 0.000004 0.000007 0.000019 0.000045 0.000000 0.000000 0.000000 0.000000
0.075421 0.065129 0.000253 0.001789 0.008107 0.000011 0.000000 0.000001 0.000018 0.125361 0.000000 0.000000 0.000000 0.000000 0.000000 0.874639 0.000011 0.008130 0.010433 0.000007 0.000035 0.000066 0.000000 0.000000 0.000000 0.000000
0.239905 0.229737 0.000247 0.001835 0.008009 0.000009 0.000000 0.000001 0.000000 0.071111 0.000000 0.000000 0.000000 0.000000 0.000000 0.928889 0.000006 0.926829 0.000004 0.000007 0.000000 0.000059 0.000000 0.000001 0.000000 0.000001
0.136568 0.126327 0.000250 0.001838 0.008054 0.000010 0.000000 0.000000 0.000000 0.053920 0.000000 0.000000 0.000000 0.000000 0.000000 0.946080 0.000008 0.484252 0.011753 0.000008 0.000001 0.000079 0.000000 0.000000 0.000000 0.000001
0.127483 0.117362 0.000256 0.001778 0.008008 0.000009 0.000000 0.000001 0.000000 0.048708 0.000000 0.000000 0.000000 0.000000 0.000000 0.951292 0.000006 0.523404 0.011713 0.000007 0.000000 0.000062 0.000000 0.000001 0.000001 0.000000
0.099726 0.089622 0.000248 0.001777 0.008001 0.000008 0.000000 0.000000 0.000000 0.047148 0.000000 0.000000 0.000000 0.000000 0.000000 0.952852 0.000006 0.702857 0.011347 0.000007 0.000001 0.000062 0.000000 0.000001 0.000000 0.000000
0.064658 0.054485 0.000242 0.001826 0.008019 0.000009 0.000000 0.000000 0.000000 0.046683 0.000000 0.000000 0.000000 0.000000 0.000000 0.953317 0.000007 0.845528 0.011068 0.000009 0.000001 0.000069 0.000000 0.000000 0.000000 0.000000
0.117459 0.107201 0.000256 0.001836 0.008063 0.000010 0.000000 0.000000 0.000000 0.046544 0.000000 0.000000 0.000000 0.000000 0.000000 0.953456 0.000009 0.600000 0.011437 0.000009 0.000001 0.000082 0.000000 0.000000 0.000001 0.000000
0.078292 0.068063 0.000247 0.001826 0.008045 0.000009 0.000000 0.000001 0.000000 0.046502 0.000000 0.000000 0.000000 0.000000 0.000000 0.953498 0.000009 0.983740 0.011097 0.000009 0.000001 0.000091 0.000000 0.000000 0.000000 0.000001
0.079565 0.069265 0.000257 0.001842 0.008117 0.000010 0.000000 0.000000 0.000000 0.047216 0.000000 0.000000 0.000000 0.000000 0.000000 0.952784 0.000006 0.008130 0.011165 0.000010 0.000000 0.000066 0.000000 0.000001 0.000000 0.000001
0.251387 0.240920 0.000245 0.001834 0.008303 0.000010 0.000000 0.000001 0.000000 0.045970 0.000000 0.000000 0.000000 0.000000 0.000000 0.954030 0.000006 0.007874 0.000005 0.000010 0.000001 0.000068 0.000000 0.000000 0.000000 0.000000
0.261542 0.250913 0.000246 0.001911 0.008366 0.000010 0.000000 0.000001 0.000000 0.041322 0.000000 0.000000 0.000000 0.000000 0.000000 0.958678 0.000009 0.006897 0.000004 0.000010 0.000000 0.000085 0.000000 0.000000 0.000000 0.000001
0.259638 0.248927 0.000242 0.001909 0.008479 0.000010 0.000000 0.000001 0.000000 0.040899 0.000000 0.000000 0.000000 0.000000 0.000000 0.959101 0.000005 0.006897 0.000020 0.000009 0.000000 0.000065 0.000000 0.000000 0.000001 0.000000
0.328889 0.318291 0.000241 0.001837 0.008433 0.000010 0.000000 0.000001 0.000000 0.040781 0.000000 0.000000 0.000000 0.000000 0.000000 0.959219 0.000007 0.489655 0.000018 0.000009 0.000000 0.000069 0.000000 0.000000 0.000000 0.000001
0.089637 0.078805 0.000242 0.001955 0.008551 0.000010 0.000000 0.000001 0.000000 0.038484 0.000000 0.000000 0.000000 0.000000 0.000000 0.961516 0.000006 0.006536 0.013436 0.000009 0.000000 0.000067 0.000000 0.000000 0.000001 0.000000
0.291023 0.280248 0.000239 0.001933 0.008522 0.000009 0.000000 0.000001 0.000000 0.037891 0.000000 0.000000 0.000000 0.000000 0.000000 0.962109 0.000006 0.768844 0.000020 0.000009 0.000000 0.000065 0.000000 0.000000 0.000000 0.000000
0.091879 0.080951 0.000252 0.001957 0.008621 0.000010 0.000000 0.000001 0.000000 0.037659 0.000000 0.000000 0.000000 0.000000 0.000000 0.962341 0.000005 0.006536 0.014431 0.000010 0.000001 0.000079 0.000000 0.000000 0.000000 0.000000
0.274847 0.263967 0.000246 0.001898 0.008643 0.000010 0.000000 0.000000 0.000000 0.037598 0.000000 0.000000 0.000000 0.000000 0.000000 0.962402 0.000006 0.974522 0.000004 0.000010 0.000000 0.000075 0.000000 0.000001 0.000001 0.000000
0.083586 0.072542 0.000250 0.001959 0.008755 0.000010 0.000000 0.000000 0.000000 0.040516 0.000000 0.000000 0.000000 0.000000 0.000000 0.959484 0.000005 0.006536 0.014474 0.000010 0.000000 0.000064 0.000000 0.000000 0.000001 0.000000
0.238956 0.227654 0.000247 0.001992 0.008964 0.000010 0.000000 0.000001 0.000000 0.057100 0.000000 0.000000 0.000000 0.000000 0.000000 0.942900 0.000010 0.007143 0.000019 0.000010 0.000001 0.000077 0.000000 0.000000 0.000000 0.000001
0.275105 0.263849 0.000242 0.001964 0.008967 0.000009 0.000000 0.000001 0.000000 0.044508 0.000000 0.000000 0.000000 0.000000 0.000000 0.955492 0.000006 0.006897 0.000005 0.000009 0.000000 0.000066 0.000000 0.000001 0.000000 0.000000
0.327186 0.315707 0.000240 0.002013 0.009111 0.000010 0.000000 0.000001 0.000000 0.072735 0.000000 0.000000 0.000000 0.000000 0.000000 0.927265 0.000006 0.003690 0.000003 0.000010 0.000000 0.000095 0.000000 0.000001 0.000000 0.000001
0.399079 0.387242 0.000252 0.002042 0.009327 0.000012 0.000000 0.000001 0.000000 0.085887 0.000000 0.000000 0.000000 0.000000 0.000000 0.914113 0.000013 0.002500 0.000018 0.000011 0.000002 0.000189 0.000000 0.000000 0.000000 0.000000
0.378930 0.366959 0.000234 0.002123 0.009407 0.000011 0.000001 0.000000 0.000033 0.222831 0.000000 0.000000 0.000000 0.000000 0.000000 0.777169 0.000011 0.002500 0.000006 0.000010 0.000032 0.000118 0.000000 0.000000 0.000000 0.000001
0.181752 0.168835 0.000295 0.002051 0.010411 0.000011 0.000000 0.000000 0.000031 0.161618 0.000000 0.000000 0.000000 0.000000 0.000000 0.838382 0.000006 0.002646 0.000005 0.000010 0.000025 0.000085 0.000000 0.000001 0.000000 0.000000
0.352644 0.339475 0.000306 0.001992 0.010656 0.000011 0.000001 0.000001 0.000034 0.129494 0.000000 0.000000 0.000000 0.000000 0.000000 0.870506 0.000013 0.903509 0.000003 0.000010 0.000028 0.000127 0.000000 0.000000 0.000000 0.000001
0.143393 0.129932 0.000264 0.002206 0.010796 0.000013 0.000000 0.000000 0.000030 0.306863 0.000000 0.000000 0.000000 0.000000 0.000000 0.693137 0.000015 0.002924 0.031874 0.000009 0.000035 0.000101 0.000000 0.000000 0.000001 0.000000
0.157086 0.142917 0.000274 0.002085 0.011604 0.000012 0.000000 0.000000 0.000029 0.208818 0.000000 0.000000 0.000000 0.000000 0.000000 0.791182 0.000014 0.003472 0.000005 0.000010 0.000037 0.000113 0.000000 0.000000 0.000000 0.000001
0.343882 0.329828 0.000269 0.002107 0.011540 0.000011 0.000000 0.000000 0.000023 0.154104 0.000000 0.000000 0.000000 0.000000 0.000000 0.845896 0.000007 0.003472 0.000005 0.000009 0.000025 0.000071 0.000000 0.000000 0.000000 0.000000
0.357594 0.343115 0.000277 0.002163 0.011860 0.000012 0.000000 0.000001 0.000029 0.125672 0.000000 0.000000 0.000000 0.000000 0.000000 0.874328 0.000010 0.003279 0.000004 0.000009 0.000030 0.000096 0.000000 0.000000 0.000000 0.000001
0.354033 0.339439 0.000276 0.002076 0.012098 0.000011 0.000000 0.000001 0.000024 0.111443 0.000000 0.000000 0.000000 0.000000 0.000000 0.888557 0.000006 0.003279 0.000005 0.000008 0.000025 0.000077 0.000000 0.000001 0.000000 0.000000
0.393164 0.378323 0.000289 0.002176 0.012206 0.000012 0.000000 0.000001 0.000000 0.104457 0.000000 0.000000 0.000000 0.000000 0.000000 0.895543 0.000013 0.772846 0.000004 0.000009 0.000001 0.000143 0.000000 0.000000 0.000000 0.000000
0.216019 0.200824 0.000284 0.002175 0.012532 0.000013 0.000000 0.000001 0.000000 0.101058 0.000000 0.000000 0.000000 0.000000 0.000000 0.898942 0.000013 0.002500 0.028587 0.000010 0.000001 0.000175 0.000000 0.000001 0.000000 0.000001
0.369804 0.354800 0.000281 0.002103 0.012431 0.000012 0.000000 0.000000 0.000000 0.099412 0.000000 0.000000 0.000000 0.000000 0.000000 0.900588 0.000012 0.815000 0.000009 0.000010 0.000001 0.000162 0.000000 0.000001 0.000000 0.000000
0.175295 0.160058 0.000293 0.002248 0.012552 0.000011 0.000000 0.000000 0.000000 0.098618 0.000000 0.000000 0.000000 0.000000 0.000000 0.901382 0.000009 0.002500 0.037242 0.000010 0.000001 0.000122 0.000000 0.000001 0.000000 0.000000
0.375594 0.359820 0.000259 0.002407 0.012922 0.000012 0.000000 0.000000 0.000028 0.239247 0.000000 0.000000 0.000000 0.000000 0.000000 0.760753 0.000012 0.003030 0.000020 0.000009 0.000031 0.000102 0.000000 0.000000 0.000001 0.000000
0.213572 0.197705 0.000265 0.002245 0.013157 0.000012 0.000000 0.000000 0.000034 0.170548 0.000000 0.000000 0.000000 0.000000 0.000000 0.829452 0.000009 0.002500 0.000023 0.000009 0.000031 0.000112 0.000000 0.000001 0.000000 0.000000
0.413583 0.397636 0.000263 0.002278 0.013233 0.000010 0.000001 0.000000 0.000033 0.134069 0.000000 0.000000 0.000000 0.000000 0.000000 0.865931 0.000006 0.002500 0.000004 0.000009 0.000026 0.000095 0.000000 0.000000 0.000000 0.000001
0.373333 0.357019 0.000263 0.002317 0.013575 0.000011 0.000000 0.000000 0.000028 0.368532 0.000000 0.000000 0.000000 0.000000 0.000000 0.631468 0.000007 0.002500 0.000004 0.000009 0.000028 0.000085 0.000000 0.000000 0.000000 0.000000
0.175176 0.158554 0.000264 0.002285 0.013925 0.000011 0.000000 0.000001 0.000024 0.245971 0.000000 0.000000 0.000000 0.000000 0.000000 0.754029 0.000006 0.003096 0.000004 0.000008 0.000027 0.000077 0.000000 0.000001 0.000000 0.000000
0.387432 0.370551 0.000269 0.002281 0.014166 0.000011 0.000001 0.000001 0.000030 0.174244 0.000000 0.000000 0.000000 0.000000 0.000000 0.825756 0.000006 0.003003 0.000004 0.000008 0.000028 0.000087 0.000000 0.000000 0.000000 0.000000
0.412549 0.395287 0.000267 0.002408 0.014421 0.000012 0.000000 0.000001 0.000029 0.538104 0.000000 0.000000 0.000000 0.000000 0.000000 0.461896 0.000007 0.002500 0.000004 0.000008 0.000026 0.000092 0.000000 0.000000 0.000000 0.000000
0.212138 0.194852 0.000283 0.002402 0.014436 0.000011 0.000000 0.000000 0.000026 0.939607 0.000000 0.000000 0.000000 0.000000 0.000000 0.060393 0.000009 1.000000 0.000004 0.000008 0.000019 0.000098 0.000000 0.000001 0.000000 0.000001
0.159533 0.142245 0.000284 0.002321 0.014524 0.000012 0.000000 0.000001 0.000031 0.741683 0.000000 0.000000 0.000000 0.000000 0.000000 0.258317 0.000007 0.002500 0.037096 0.000008 0.000028 0.000078 0.000000 0.000000 0.000001 0.000000
0.379079 0.361585 0.000285 0.002341 0.014721 0.000011 0.000001 0.000000 0.000026 0.530628 0.000000 0.000000 0.000000 0.000000 0.000000 0.469372 0.000006 0.003165 0.000004 0.000008 0.000027 0.000074 0.000000 0.000001 0.000000 0.000001
0.391656 0.373914 0.000290 0.002271 0.014964 0.000012 0.000000 0.000001 0.000031 0.355475 0.000000 0.000000 0.000000 0.000000 0.000000 0.644525 0.000013 0.003030 0.000003 0.000008 0.000038 0.000120 0.000000 0.000001 0.000000 0.000001
0.420603 0.402493 0.000294 0.002352 0.015254 0.000011 0.000001 0.000000 0.000034 0.237914 0.000000 0.000000 0.000000 0.000000 0.000000 0.762086 0.000010 0.002558 0.000005 0.000008 0.000031 0.000121 0.000000 0.000001 0.000001 0.000000
0.389754 0.371694 0.000291 0.002344 0.015255 0.000011 0.000001 0.000001 0.000027 0.169817 0.000000 0.000000 0.000000 0.000000 0.000000 0.830183 0.000008 0.851662 0.000004 0.000008 0.000019 0.000102 0.000000 0.000000 0.000001 0.000000
0.193287 0.174862 0.000296 0.002352 0.015587 0.000012 0.000001 0.000001 0.000031 0.133694 0.000000 0.000000 0.000000 0.000000 0.000000 0.866306 0.000009 0.002558 0.036170 0.000008 0.000031 0.000103 0.000000 0.000000 0.000000 0.000001
0.349920 0.331269 0.000299 0.002419 0.015802 0.000012 0.000000 0.000000 0.000021 0.115421 0.000000 0.000000 0.000000 0.000000 0.000000 0.884579 0.000007 0.002933 0.000005 0.000007 0.000025 0.000063 0.000000 0.000001 0.000000 0.000001
0.350301 0.331152 0.000303 0.002395 0.016285 0.000013 0.000000 0.000001 0.000000 0.106401 0.000000 0.000000 0.000000 0.000000 0.000000 0.893599 0.000016 0.004386 0.000004 0.000009 0.000001 0.000136 0.000000 0.000000 0.000000 0.000000
0.351771 0.332566 0.000295 0.002312 0.016480 0.000011 0.000000 0.000001 0.000000 0.102001 0.000000 0.000000 0.000000 0.000000 0.000000 0.897999 0.000009 0.004386 0.000004 0.000008 0.000001 0.000096 0.000000 0.000001 0.000000 0.000000
0.355846 0.336271 0.000300 0.002316 0.016802 0.000013 0.000000 0.000001 0.000000 0.099869 0.000000 0.000000 0.000000 0.000000 0.000000 0.900131 0.000013 0.004367 0.000020 0.000008 0.000000 0.000129 0.000000 0.000000 0.000000 0.000001
0.351477 0.331903 0.000339 0.002426 0.016700 0.000012 0.000000 0.000000 0.000000 0.098838 0.000000 0.000000 0.000000 0.000000 0.000000 0.901162 0.000011 0.960699 0.000006 0.000013 0.000001 0.000085 0.000000 0.000000 0.000000 0.000000
0.112809 0.092898 0.000345 0.002340 0.017116 0.000012 0.000000 0.000000 0.000000 0.098340 0.000000 0.000000 0.000000 0.000000 0.000000 0.901660 0.000009 0.004367 0.021222 0.000013 0.000000 0.000088 0.000000 0.000000 0.000001 0.000000
0.343726 0.323407 0.000347 0.002444 0.017426 0.000012 0.000000 0.000001 0.000000 0.098099 0.000000 0.000000 0.000000 0.000000 0.000000 0.901901 0.000007 0.005128 0.000020 0.000014 0.000001 0.000082 0.000000 0.000000 0.000000 0.000000
0.339299 0.318918 0.000274 0.002394 0.017591 0.000012 0.000001 0.000000 0.000017 0.223223 0.000000 0.000000 0.000000 0.000000 0.000000 0.776777 0.000007 0.005128 0.000020 0.000008 0.000027 0.000057 0.000000 0.000000 0.000000 0.000000
0.076295 0.055079 0.000275 0.002496 0.018338 0.000012 0.000000 0.000001 0.000015 0.588166 0.000000 0.000000 0.000000 0.000000 0.000000 0.411834 0.000007 0.005236 0.000003 0.000008 0.000028 0.000043 0.000000 0.000001 0.000000 0.000000
0.069242 0.047414 0.000273 0.002488 0.018903 0.000013 0.000000 0.000001 0.000018 0.912345 0.000000 0.000000 0.000000 0.000000 0.000000 0.087655 0.000019 0.009434 0.000021 0.000008 0.000040 0.000072 0.000000 0.000000 0.000001 0.000000
0.071717 0.050001 0.000270 0.002456 0.018855 0.000012 0.000000 0.000001 0.000014 0.981708 0.000000 0.000000 0.000000 0.000000 0.000000 0.018292 0.000013 0.010870 0.000022 0.000008 0.000034 0.000059 0.000000 0.000001 0.000000 0.000001
0.074811 0.053054 0.000267 0.002457 0.018931 0.000012 0.000000 0.000000 0.000012 0.758878 0.000000 0.000000 0.000000 0.000000 0.000000 0.241122 0.000008 0.010101 0.000021 0.000007 0.000027 0.000042 0.000000 0.000000 0.000000 0.000000
0.321459 0.299376 0.000269 0.002633 0.019031 0.000013 0.000000 0.000000 0.000018 0.938148 0.000000 0.000000 0.000000 0.000000 0.000000 0.061852 0.000015 0.007519 0.000019 0.000008 0.000033 0.000069 0.000000 0.000001 0.000000 0.000001
0.102121 0.079837 0.000263 0.002615 0.019299 0.000012 0.000000 0.000001 0.000014 0.983502 0.000000 0.000000 0.000000 0.000000 0.000000 0.016498 0.000009 0.831250 0.000024 0.000007 0.000020 0.000051 0.000000 0.000000 0.000000 0.000001
0.130630 0.108154 0.000272 0.002680 0.019342 0.000013 0.000000 0.000001 0.000025 0.989453 0.000000 0.000000 0.000000 0.000000 0.000000 0.010547 0.000016 0.004505 0.014430 0.000008 0.000036 0.000091 0.000000 0.000000 0.000000 0.000001
0.133106 0.110544 0.000272 0.002657 0.019449 0.000013 0.000001 0.000001 0.000025 0.804342 0.000000 0.000000 0.000000 0.000000 0.000000 0.195658 0.000013 0.004505 0.000037 0.000008 0.000034 0.000095 0.000000 0.000001 0.000000 0.000000
0.342715 0.320287 0.000264 0.002531 0.019499 0.000012 0.000001 0.000001 0.000019 0.591689 0.000000 0.000000 0.000000 0.000000 0.000000 0.408311 0.000009 0.791469 0.000004 0.000007 0.000022 0.000069 0.000000 0.000000 0.000000 0.000001
0.099719 0.076927 0.000276 0.002651 0.019738 0.000013 0.000000 0.000001 0.000017 0.260654 0.000000 0.000000 0.000000 0.000000 0.000000 0.739346 0.000009 0.004739 0.019334 0.000008 0.000029 0.000058 0.000000 0.000000 0.000001 0.000000
0.318772 0.295874 0.000259 0.002729 0.019795 0.000013 0.000000 0.000001 0.000015 0.659793 0.000000 0.000000 0.000000 0.000000 0.000000 0.340207 0.000008 0.006667 0.000005 0.000007 0.000029 0.000049 0.000000 0.000000 0.000000 0.000000
0.152343 0.128560 0.000254 0.002789 0.020536 0.000013 0.000000 0.000001 0.000028 0.937783 0.000000 0.000000 0.000000 0.000000 0.000000 0.062217 0.000017 0.003788 0.000005 0.000007 0.000040 0.000104 0.000000 0.000000 0.000000 0.000001
0.161164 0.137431 0.000256 0.002635 0.020652 0.000014 0.000000 0.000001 0.000028 0.739473 0.000000 0.000000 0.000000 0.000000 0.000000 0.260527 0.000013 0.003597 0.000005 0.000008 0.000035 0.000098 0.000000 0.000001 0.000001 0.000000
0.362967 0.339126 0.000258 0.002650 0.020782 0.000013 0.000000 0.000001 0.000022 0.528560 0.000000 0.000000 0.000000 0.000000 0.000000 0.471440 0.000010 0.003597 0.000005 0.000007 0.000032 0.000071 0.000000 0.000001 0.000000 0.000000
0.243777 0.243742 0.000001 0.000000 0.000000 0.000000 0.000000 0.000000 0.000000 0.000000 0.000000 0.000000 0.000000 0.000000 0.000000 0.000000 0.000002 0.000000 0.000004 0.000000 0.000001 0.000031 0.000000 0.000000 0.000000 0.000000
0.112661 0.088451 0.000249 0.002902 0.020934 0.000013 0.000000 0.000000 0.000016 0.765443 0.000000 0.000000 0.000000 0.000000 0.000000 0.234557 0.000008 0.000000 0.000021 0.000007 0.000028 0.000058 0.000000 0.000000 0.000000 0.000001
0.122376 0.097533 0.000258 0.002930 0.021456 0.000013 0.000001 0.000001 0.000026 0.932340 0.000000 0.000000 0.000000 0.000000 0.000000 0.067660 0.000018 0.005128 0.000004 0.000008 0.000039 0.000100 0.000000 0.000000 0.000001 0.000000
0.137239 0.111805 0.000257 0.002844 0.022188 0.000013 0.000000 0.000000 0.000022 0.732910 0.000000 0.000000 0.000000 0.000000 0.000000 0.267090 0.000009 0.004566 0.000005 0.000008 0.000029 0.000070 0.000000 0.000000 0.000000 0.000000
0.420631 0.395272 0.000260 0.002829 0.022087 0.000013 0.000000 0.000001 0.000029 0.522450 0.000000 0.000000 0.000000 0.000000 0.000000 0.477550 0.000010 0.003086 0.000004 0.000008 0.000034 0.000095 0.000000 0.000000 0.000001 0.000000
0.456430 0.431201 0.000258 0.002846 0.021967 0.000013 0.000001 0.000001 0.000024 0.349491 0.000000 0.000000 0.000000 0.000000 0.000000 0.650509 0.000010 0.828645 0.000020 0.000007 0.000020 0.000088 0.000000 0.000001 0.000000 0.000001
0.226413 0.200777 0.000262 0.002983 0.022194 0.000014 0.000000 0.000001 0.000034 0.234258 0.000000 0.000000 0.000000 0.000000 0.000000 0.765742 0.000011 0.002500 0.031489 0.000008 0.000028 0.000107 0.000000 0.000000 0.000000 0.000001
0.400381 0.374876 0.000263 0.002932 0.022160 0.000013 0.000001 0.000001 0.000025 0.598609 0.000000 0.000000 0.000000 0.000000 0.000000 0.401391 0.000008 0.002500 0.000004 0.000008 0.000027 0.000075 0.000000 0.000000 0.000001 0.000000
0.146510 0.120589 0.000266 0.002887 0.022619 0.000013 0.000000 0.000001 0.000022 0.407348 0.000000 0.000000 0.000000 0.000000 0.000000 0.592652 0.000009 0.003690 0.000020 0.000008 0.000029 0.000074 0.000000 0.000001 0.000000 0.000001
0.400931 0.374805 0.000265 0.003009 0.022712 0.000013 0.000000 0.000000 0.000020 0.270549 0.000000 0.000000 0.000000 0.000000 0.000000 0.729451 0.000012 0.889299 0.000003 0.000008 0.000021 0.000073 0.000000 0.000000 0.000000 0.000000
0.177779 0.151263 0.000266 0.003133 0.022951 0.000014 0.000000 0.000001 0.000026 0.687083 0.000000 0.000000 0.000000 0.000000 0.000000 0.312917 0.000013 0.003236 0.023795 0.000008 0.000028 0.000084 0.000000 0.000000 0.000000 0.000001
0.210826 0.184536 0.000270 0.002979 0.022855 0.000014 0.000000 0.000001 0.000027 0.963943 0.000000 0.000000 0.000000 0.000000 0.000000 0.036056 0.000015 0.800518 0.000022 0.000008 0.000025 0.000103 0.000000 0.000000 0.000000 0.000000
0.228285 0.201790 0.000293 0.003074 0.022942 0.000014 0.000000 0.000000 0.000035 0.771722 0.000000 0.000000 0.000000 0.000000 0.000000 0.228278 0.000008 0.002500 0.030346 0.000007 0.000029 0.000099 0.000000 0.000001 0.000000 0.000000
0.460364 0.433982 0.000270 0.003090 0.022846 0.000014 0.000000 0.000001 0.000033 0.559306 0.000000 0.000000 0.000000 0.000000 0.000000 0.440694 0.000008 0.002500 0.000004 0.000007 0.000026 0.000093 0.000000 0.000001 0.000000 0.000000
0.420961 0.394433 0.000276 0.003099 0.022956 0.000014 0.000001 0.000001 0.000032 0.376884 0.000000 0.000000 0.000000 0.000000 0.000000 0.623116 0.000011 0.788265 0.000004 0.000008 0.000029 0.000110 0.000000 0.000000 0.000000 0.000000
0.173220 0.146290 0.000269 0.003199 0.023266 0.000014 0.000000 0.000001 0.000028 0.634109 0.000000 0.000000 0.000000 0.000000 0.000000 0.365891 0.000016 0.002551 0.037390 0.000008 0.000036 0.000100 0.000000 0.000000 0.000001 0.000000
0.175113 0.147415 0.000283 0.003174 0.024025 0.000014 0.000000 0.000001 0.000028 0.931258 0.000000 0.000000 0.000000 0.000000 0.000000 0.068742 0.000017 0.970874 0.000005 0.000008 0.000029 0.000125 0.000000 0.000000 0.000000 0.000001
0.169790 0.142257 0.000280 0.003177 0.023882 0.000014 0.000000 0.000000 0.000027 0.983696 0.000000 0.000000 0.000000 0.000000 0.000000 0.016304 0.000016 0.953333 0.028365 0.000008 0.000025 0.000111 0.000000 0.000000 0.000001 0.000000
0.176055 0.148125 0.000285 0.003184 0.024260 0.000015 0.000000 0.000000 0.000027 0.796875 0.000000 0.000000 0.000000 0.000000 0.000000 0.203125 0.000013 0.003311 0.028542 0.000008 0.000034 0.000110 0.000000 0.000000 0.000000 0.000001
0.430269 0.402288 0.000280 0.003117 0.024431 0.000014 0.000000 0.000001 0.000022 0.584158 0.000000 0.000000 0.000000 0.000000 0.000000 0.415842 0.000012 0.958730 0.000004 0.000007 0.000022 0.000082 0.000000 0.000000 0.000000 0.000001
0.217920 0.189321 0.000289 0.003251 0.024833 0.000014 0.000000 0.000001 0.000034 0.880782 0.000000 0.000000 0.000000 0.000000 0.000000 0.119218 0.000017 0.002584 0.029564 0.000009 0.000035 0.000124 0.000000 0.000001 0.000000 0.000000
0.179623 0.149632 0.000291 0.003173 0.026290 0.000015 0.000000 0.000001 0.000034 0.673116 0.000000 0.000000 0.000000 0.000000 0.000000 0.326884 0.000020 0.002584 0.000005 0.000009 0.000042 0.000125 0.000000 0.000000 0.000000 0.000001
0.432786 0.403992 0.000285 0.003165 0.025181 0.000014 0.000001 0.000001 0.000023 0.468960 0.000000 0.000000 0.000000 0.000000 0.000000 0.531040 0.000010 0.946875 0.000024 0.000008 0.000027 0.000085 0.000000 0.000001 0.000001 0.000000
0.210087 0.180553 0.000297 0.003089 0.025916 0.000014 0.000000 0.000000 0.000034 0.311620 0.000000 0.000000 0.000000 0.000000 0.000000 0.688380 0.000016 0.002770 0.029360 0.000009 0.000039 0.000128 0.000000 0.000000 0.000000 0.000001
0.364645 0.335461 0.000297 0.003094 0.025581 0.000014 0.000000 0.000001 0.000043 0.211605 0.000000 0.000000 0.000000 0.000000 0.000000 0.788395 0.000015 0.440443 0.000022 0.000008 0.000033 0.000103 0.000000 0.000001 0.000000 0.000000
0.115594 0.085531 0.000297 0.003241 0.026354 0.000015 0.000000 0.000001 0.000021 0.345103 0.000000 0.000000 0.000000 0.000000 0.000000 0.654897 0.000017 0.002770 0.033673 0.000009 0.000039 0.000076 0.000000 0.000000 0.000000 0.000000
0.081553 0.051002 0.000309 0.003218 0.026852 0.000015 0.000000 0.000000 0.000028 0.616334 0.000000 0.000000 0.000000 0.000000 0.000000 0.383666 0.000021 0.574850 0.000004 0.000010 0.000030 0.000077 0.000000 0.000000 0.000001 0.000000
0.081476 0.050418 0.000311 0.003233 0.027353 0.000015 0.000000 0.000000 0.000018 0.346479 0.000000 0.000000 0.000000 0.000000 0.000000 0.653521 0.000021 0.005988 0.015308 0.000010 0.000041 0.000066 0.000000 0.000000 0.000000 0.000000
0.324539 0.293952 0.000311 0.003204 0.026922 0.000014 0.000000 0.000001 0.000019 0.179571 0.000000 0.000000 0.000000 0.000000 0.000000 0.820429 0.000020 0.723404 0.000005 0.000009 0.000030 0.000065 0.000000 0.000000 0.000000 0.000001
0.121359 0.090673 0.000298 0.003220 0.026995 0.000014 0.000000 0.000000 0.000022 0.359735 0.000000 0.000000 0.000000 0.000000 0.000000 0.640265 0.000019 0.005495 0.008929 0.000009 0.000037 0.000078 0.000000 0.000001 0.000000 0.000000
0.181862 0.150293 0.000306 0.003328 0.027720 0.000014 0.000001 0.000000 0.000033 0.766210 0.000000 0.000000 0.000000 0.000000 0.000000 0.233790 0.000020 0.003247 0.000005 0.000009 0.000043 0.000104 0.000000 0.000000 0.000000 0.000000
0.204796 0.173264 0.000307 0.003232 0.027770 0.000015 0.000000 0.000000 0.000034 0.553963 0.000000 0.000000 0.000000 0.000000 0.000000 0.446037 0.000018 0.002841 0.000005 0.000009 0.000038 0.000117 0.000000 0.000000 0.000001 0.000000
0.429618 0.398051 0.000318 0.003291 0.027793 0.000014 0.000000 0.000001 0.000025 0.865170 0.000000 0.000000 0.000000 0.000000 0.000000 0.134830 0.000012 0.002841 0.000005 0.000008 0.000032 0.000081 0.000000 0.000000 0.000000 0.000000
0.146578 0.114669 0.000307 0.003270 0.028124 0.000015 0.000000 0.000001 0.000032 0.981244 0.000000 0.000000 0.000000 0.000000 0.000000 0.018756 0.000020 0.807560 0.000004 0.000009 0.000030 0.000111 0.000000 0.000000 0.000000 0.000000
0.163183 0.130993 0.000308 0.003267 0.028405 0.000015 0.000001 0.000001 0.000028 0.793714 0.000000 0.000000 0.000000 0.000000 0.000000 0.206286 0.000020 0.003436 0.027709 0.000010 0.000040 0.000105 0.000000 0.000000 0.000001 0.000000
0.438318 0.405910 0.000300 0.003391 0.028500 0.000014 0.000001 0.000001 0.000031 0.956638 0.000000 0.000000 0.000000 0.000000 0.000000 0.043362 0.000019 0.003205 0.000023 0.000009 0.000039 0.000112 0.000000 0.000000 0.000000 0.000000
0.188183 0.155316 0.000306 0.003240 0.029087 0.000015 0.000000 0.000001 0.000032 0.762597 0.000000 0.000000 0.000000 0.000000 0.000000 0.237403 0.000020 0.003145 0.000006 0.000010 0.000042 0.000123 0.000000 0.000001 0.000001 0.000000
0.463723 0.430388 0.000308 0.003438 0.029337 0.000015 0.000001 0.000001 0.000034 0.962281 0.000000 0.000000 0.000000 0.000000 0.000000 0.037719 0.000020 0.002817 0.000005 0.000010 0.000042 0.000138 0.000000 0.000000 0.000000 0.000000
0.173727 0.140347 0.000311 0.003397 0.029453 0.000016 0.000000 0.000000 0.000031 0.989751 0.000000 0.000000 0.000000 0.000000 0.000000 0.010249 0.000019 0.002817 0.000024 0.000010 0.000039 0.000113 0.000000 0.000000 0.000000 0.000001
0.157503 0.123746 0.000316 0.003349 0.029866 0.000016 0.000000 0.000000 0.000029 0.804730 0.000000 0.000000 0.000000 0.000000 0.000000 0.195270 0.000022 0.003413 0.000005 0.000010 0.000042 0.000115 0.000000 0.000000 0.000000 0.000001
0.407337 0.373617 0.000309 0.003441 0.029771 0.000015 0.000000 0.000001 0.000024 0.971941 0.000000 0.000000 0.000000 0.000000 0.000000 0.028059 0.000019 0.004049 0.000005 0.000009 0.000039 0.000099 0.000000 0.000001 0.000000 0.000001
0.145103 0.111097 0.000310 0.003395 0.030104 0.000015 0.000001 0.000000 0.000025 0.781820 0.000000 0.000000 0.000000 0.000000 0.000000 0.218180 0.000017 0.004292 0.000006 0.000010 0.000039 0.000098 0.000000 0.000001 0.000000 0.000000
0.337776 0.303499 0.000314 0.003394 0.030417 0.000016 0.000000 0.000000 0.000018 0.523305 0.000000 0.000000 0.000000 0.000000 0.000000 0.476695 0.000019 0.004545 0.000005 0.000010 0.000037 0.000061 0.000000 0.000000 0.000000 0.000001
0.340828 0.306345 0.000311 0.003428 0.030601 0.000015 0.000000 0.000001 0.000017 0.869873 0.000000 0.000000 0.000000 0.000000 0.000000 0.130127 0.000020 0.014706 0.000004 0.000010 0.000035 0.000054 0.000000 0.000000 0.000001 0.000000
0.005693 0.005659 0.000001 0.000000 0.000000 0.000000 0.000000 0.000000 0.000000 0.000000 0.000000 0.000000 0.000000 0.000000 0.000000 0.000000 0.000002 0.000000 0.000005 0.000000 0.000001 0.000030 0.000000 0.000000 0.000000 0.000000
0.005254 0.005221 0.000001 0.000000 0.000000 0.000000 0.000000 0.000001 0.000000 0.000000 0.000000 0.000000 0.000000 0.000000 0.000000 0.000000 0.000002 0.000000 0.000006 0.000000 0.000001 0.000029 0.000000 0.000000 0.000000 0.000000
0.143479 0.108147 0.000316 0.003345 0.031526 0.000015 0.000000 0.000000 0.000021 0.660989 0.000000 0.000000 0.000000 0.000000 0.000000 0.339011 0.000010 0.000000 0.000005 0.000010 0.000031 0.000066 0.000000 0.000001 0.000000 0.000001
0.457148 0.421169 0.000328 0.003428 0.032016 0.000015 0.000000 0.000000 0.000030 0.824358 0.000000 0.000000 0.000000 0.000000 0.000000 0.175642 0.000019 0.003086 0.000005 0.000012 0.000037 0.000105 0.000000 0.000000 0.000001 0.000000
0.234006 0.196075 0.000337 0.003628 0.033744 0.000016 0.000000 0.000000 0.000036 0.968998 0.000000 0.000000 0.000000 0.000000 0.000000 0.031002 0.000018 0.002500 0.000008 0.000012 0.000034 0.000115 0.000000 0.000001 0.000001 0.000000
0.231669 0.193407 0.000338 0.003616 0.034075 0.000015 0.000000 0.000001 0.000034 0.992199 0.000000 0.000000 0.000000 0.000000 0.000000 0.007801 0.000019 1.000000 0.000005 0.000012 0.000027 0.000136 0.000000 0.000000 0.000000 0.000000
0.237153 0.198957 0.000342 0.003562 0.034058 0.000016 0.000001 0.000000 0.000036 0.807925 0.000000 0.000000 0.000000 0.000000 0.000000 0.192075 0.000017 0.002500 0.038421 0.000012 0.000036 0.000126 0.000000 0.000000 0.000000 0.000000
0.483783 0.445290 0.000350 0.003600 0.034289 0.000016 0.000000 0.000000 0.000036 0.595329 0.000000 0.000000 0.000000 0.000000 0.000000 0.404671 0.000022 0.002500 0.000005 0.000013 0.000043 0.000134 0.000000 0.000001 0.000000 0.000001
0.429791 0.391074 0.000348 0.003595 0.034519 0.000015 0.000001 0.000000 0.000047 0.404754 0.000000 0.000000 0.000000 0.000000 0.000000 0.595246 0.000022 0.697143 0.000005 0.000012 0.000040 0.000128 0.000000 0.000000 0.000001 0.000000
0.166948 0.127955 0.000352 0.003599 0.034836 0.000016 0.000000 0.000000 0.000028 0.268876 0.000000 0.000000 0.000000 0.000000 0.000000 0.731124 0.000021 0.002857 0.032810 0.000013 0.000039 0.000101 0.000000 0.000000 0.000000 0.000000
0.417096 0.377315 0.000345 0.003689 0.035554 0.000016 0.000000 0.000001 0.000027 0.187015 0.000000 0.000000 0.000000 0.000000 0.000000 0.812985 0.000019 0.759843 0.000005 0.000011 0.000036 0.000092 0.000000 0.000001 0.000000 0.000001
0.168944 0.128697 0.000368 0.003725 0.035937 0.000016 0.000000 0.000000 0.000030 0.142604 0.000000 0.000000 0.000000 0.000000 0.000000 0.857396 0.000021 0.003937 0.025483 0.000014 0.000045 0.000105 0.000000 0.000000 0.000000 0.000000
0.453621 0.413827 0.000368 0.003606 0.035634 0.000016 0.000000 0.000001 0.000024 0.119873 0.000000 0.000000 0.000000 0.000000 0.000000 0.880127 0.000019 0.915441 0.000023 0.000013 0.000030 0.000097 0.000000 0.000000 0.000000 0.000000
0.192252 0.151517 0.000391 0.003735 0.036372 0.000017 0.000000 0.000001 0.000031 0.258076 0.000000 0.000000 0.000000 0.000000 0.000000 0.741924 0.000024 0.003226 0.025641 0.000014 0.000044 0.000119 0.000000 0.000000 0.000000 0.000001
0.190003 0.146679 0.000402 0.003798 0.038918 0.000015 0.000000 0.000000 0.000027 0.600732 0.000000 0.000000 0.000000 0.000000 0.000000 0.399268 0.000018 0.003226 0.000023 0.000015 0.000040 0.000105 0.000000 0.000000 0.000000 0.000001
0.240463 0.196326 0.000419 0.003697 0.039789 0.000016 0.000001 0.000000 0.000029 0.923425 0.000000 0.000000 0.000000 0.000000 0.000000 0.076575 0.000022 0.757500 0.000004 0.000016 0.000034 0.000127 0.000000 0.000001 0.000000 0.000001
0.124803 0.080449 0.000511 0.003819 0.039833 0.000016 0.000000 0.000000 0.000028 0.582550 0.000000 0.000000 0.000000 0.000000 0.000000 0.417450 0.000021 0.003300 0.028794 0.000015 0.000044 0.000080 0.000000 0.000001 0.000000 0.000000
0.400369 0.354925 0.000414 0.003859 0.040860 0.000016 0.000000 0.000001 0.000022 0.254471 0.000000 0.000000 0.000000 0.000000 0.000000 0.745529 0.000025 0.006452 0.000005 0.000016 0.000158 0.000087 0.000000 0.000000 0.000001 0.000000
0.421143 0.373003 0.000409 0.004842 0.042706 0.000017 0.000000 0.000001 0.000021 0.124491 0.000000 0.000000 0.000000 0.000000 0.000000 0.875509 0.000024 0.006452 0.000014 0.000015 0.000044 0.000076 0.000000 0.000001 0.000000 0.000000
0.375492 0.330980 0.000448 0.003918 0.039972 0.000017 0.000000 0.000001 0.000018 0.363323 0.000000 0.000000 0.000000 0.000000 0.000000 0.636677 0.000024 0.008547 0.000008 0.000016 0.000042 0.000070 0.000000 0.000000 0.000000 0.000001
0.090606 0.041450 0.000462 0.003900 0.044640 0.000018 0.000000 0.000001 0.000016 0.715367 0.000000 0.000000 0.000000 0.000000 0.000000 0.284633 0.000020 0.784946 0.000023 0.000017 0.000031 0.000067 0.000000 0.000000 0.000000 0.000001
0.008161 0.005548 0.000001 0.000000 0.000000 0.000000 0.000000 0.000000 0.000000 0.000000 0.000000 0.000000 0.000000 0.000000 0.000000 0.000000 0.002572 0.000000 0.008435 0.000000 0.000001 0.000038 0.000000 0.000000 0.000000 0.000001
0.005485 0.005451 0.000001 0.000000 0.000000 0.000000 0.000000 0.000000 0.000000 0.000000 0.000000 0.000000 0.000000 0.000000 0.000000 0.000000 0.000002 0.000000 0.000005 0.000000 0.000001 0.000030 0.000000 0.000000 0.000000 0.000000
0.005281 0.005250 0.000001 0.000000 0.000000 0.000000 0.000000 0.000000 0.000000 0.000000 0.000000 0.000000 0.000000 0.000000 0.000000 0.000000 0.000001 0.000000 0.000005 0.000000 0.000001 0.000027 0.000000 0.000001 0.000000 0.000000
0.005191 0.005158 0.000001 0.000000 0.000000 0.000000 0.000000 0.000000 0.000000 0.000000 0.000000 0.000000 0.000000 0.000000 0.000000 0.000000 0.000001 0.000000 0.000019 0.000000 0.000001 0.000028 0.000000 0.000001 0.000000 0.000000
0.097727 0.047002 0.000473 0.004022 0.046061 0.000017 0.000000 0.000001 0.000017 0.863812 0.000000 0.000000 0.000000 0.000000 0.000000 0.136188 0.000025 0.000000 0.000005 0.000017 0.000045 0.000062 0.000000 0.000001 0.000000 0.000000
0.129042 0.078124 0.000512 0.003958 0.046257 0.000017 0.000000 0.000000 0.000022 0.502825 0.000000 0.000000 0.000000 0.000000 0.000000 0.497175 0.000023 0.006494 0.000023 0.000019 0.000043 0.000084 0.000000 0.000000 0.000001 0.000000
0.407378 0.356492 0.000514 0.003945 0.046243 0.000017 0.000000 0.000000 0.000021 0.211891 0.000000 0.000000 0.000000 0.000000 0.000000 0.788109 0.000027 0.954545 0.000005 0.000019 0.000034 0.000082 0.000000 0.000001 0.000000 0.000001
0.137730 0.086662 0.000514 0.003988 0.046426 0.000016 0.000000 0.000001 0.000000 0.081662 0.000000 0.000000 0.000000 0.000000 0.000000 0.918338 0.000020 0.005917 0.014893 0.000020 0.000001 0.000100 0.000000 0.000001 0.000000 0.000000
0.423962 0.373307 0.000509 0.003980 0.046032 0.000016 0.000000 0.000000 0.000000 0.045416 0.000000 0.000000 0.000000 0.000000 0.000000 0.954584 0.000019 0.954802 0.000004 0.000020 0.000001 0.000097 0.000000 0.000000 0.000000 0.000001
0.144280 0.092437 0.000516 0.004247 0.046917 0.000017 0.000000 0.000000 0.000000 0.036464 0.000000 0.000000 0.000000 0.000000 0.000000 0.963536 0.000024 0.913514 0.016396 0.000020 0.000001 0.000118 0.000000 0.000001 0.000001 0.000000
0.159688 0.107227 0.000515 0.003988 0.047793 0.000016 0.000000 0.000001 0.000000 0.034320 0.000000 0.000000 0.000000 0.000000 0.000000 0.965680 0.000026 0.804762 0.017105 0.000020 0.000001 0.000120 0.000000 0.000000 0.000000 0.000001
0.144830 0.094101 0.000518 0.003814 0.046233 0.000017 0.000000 0.000000 0.000000 0.033810 0.000000 0.000000 0.000000 0.000000 0.000000 0.966190 0.000025 0.889474 0.016397 0.000021 0.000001 0.000120 0.000000 0.000000 0.000000 0.000001
0.124411 0.073578 0.000510 0.003799 0.046369 0.000016 0.000000 0.000001 0.000000 0.033690 0.000000 0.000000 0.000000 0.000000 0.000000 0.966310 0.000024 0.834320 0.015559 0.000020 0.000001 0.000113 0.000000 0.000000 0.000000 0.000001
0.131116 0.079785 0.000513 0.003972 0.046687 0.000017 0.000000 0.000001 0.000000 0.033661 0.000000 0.000000 0.000000 0.000000 0.000000 0.966339 0.000025 0.917160 0.016114 0.000021 0.000001 0.000115 0.000000 0.000001 0.000000 0.000000
0.144543 0.093458 0.000513 0.004037 0.046377 0.000016 0.000000 0.000001 0.000000 0.033654 0.000000 0.000000 0.000000 0.000000 0.000000 0.966346 0.000024 0.898936 0.016576 0.000020 0.000001 0.000116 0.000000 0.000000 0.000000 0.000001
0.140227 0.089141 0.000516 0.003895 0.046507 0.000017 0.000000 0.000001 0.000000 0.033652 0.000000 0.000000 0.000000 0.000000 0.000000 0.966348 0.000026 0.960227 0.016405 0.000020 0.000001 0.000123 0.000000 0.000001 0.000000 0.000000
0.122437 0.071341 0.000513 0.003993 0.046431 0.000017 0.000000 0.000000 0.000000 0.033652 0.000000 0.000000 0.000000 0.000000 0.000000 0.966348 0.000023 0.834320 0.016439 0.000019 0.000001 0.000117 0.000000 0.000000 0.000000 0.000001
0.132230 0.081259 0.000513 0.003997 0.046298 0.000016 0.000000 0.000000 0.000000 0.033652 0.000000 0.000000 0.000000 0.000000 0.000000 0.966348 0.000024 0.899408 0.016440 0.000020 0.000001 0.000119 0.000000 0.000000 0.000001 0.000000
0.118140 0.067136 0.000511 0.003990 0.046351 0.000016 0.000000 0.000000 0.000000 0.033652 0.000000 0.000000 0.000000 0.000000 0.000000 0.966348 0.000023 0.775148 0.016112 0.000020 0.000001 0.000112 0.000000 0.000000 0.000000 0.000000
0.136193 0.084881 0.000518 0.004006 0.046622 0.000018 0.000000 0.000001 0.000000 0.034730 0.000000 0.000000 0.000000 0.000000 0.000000 0.965270 0.000024 0.005917 0.016353 0.000020 0.000001 0.000121 0.000000 0.000001 0.000000 0.000001
0.391352 0.339889 0.000513 0.004001 0.046800 0.000016 0.000000 0.000001 0.000000 0.034992 0.000000 0.000000 0.000000 0.000000 0.000000 0.965008 0.000023 0.621951 0.000024 0.000020 0.000001 0.000108 0.000000 0.000000 0.000000 0.000001
0.114682 0.062999 0.000500 0.004038 0.046998 0.000017 0.000000 0.000001 0.000000 0.044506 0.000000 0.000000 0.000000 0.000000 0.000000 0.955494 0.000024 0.006098 0.015552 0.000020 0.000001 0.000105 0.000000 0.000000 0.000000 0.000000
0.386925 0.334963 0.000499 0.003838 0.047495 0.000016 0.000000 0.000001 0.000000 0.047457 0.000000 0.000000 0.000000 0.000000 0.000000 0.952543 0.000023 0.628099 0.000005 0.000020 0.000001 0.000090 0.000000 0.000000 0.000000 0.000000
0.127844 0.075301 0.000521 0.004096 0.047790 0.000016 0.000000 0.000001 0.000000 0.043226 0.000000 0.000000 0.000000 0.000000 0.000000 0.956774 0.000022 0.006993 0.011303 0.000021 0.000000 0.000095 0.000000 0.000000 0.000000 0.000001
0.395645 0.343648 0.000488 0.003971 0.047412 0.000016 0.000000 0.000001 0.000000 0.053107 0.000000 0.000000 0.000000 0.000000 0.000000 0.946893 0.000021 0.006993 0.000024 0.000018 0.000001 0.000087 0.000000 0.000000 0.000000 0.000000
0.423835 0.371648 0.000548 0.004102 0.047364 0.000018 0.000000 0.000001 0.000000 0.039510 0.000000 0.000000 0.000000 0.000000 0.000000 0.960490 0.000034 0.006098 0.000005 0.000022 0.000001 0.000119 0.000000 0.000000 0.000000 0.000001
0.535930 0.483485 0.000530 0.004124 0.047580 0.000016 0.000000 0.000001 0.000000 0.070439 0.000000 0.000000 0.000000 0.000000 0.000000 0.929561 0.000023 0.002500 0.000006 0.000021 0.000001 0.000169 0.000000 0.000000 0.000000 0.000000
0.538139 0.485428 0.000531 0.003976 0.047991 0.000016 0.000000 0.000001 0.000000 0.084805 0.000000 0.000000 0.000000 0.000000 0.000000 0.915195 0.000022 0.002500 0.000021 0.000022 0.000001 0.000171 0.000000 0.000000 0.000000 0.000000
0.533678 0.480957 0.000536 0.004160 0.047800 0.000017 0.000000 0.000001 0.000000 0.091611 0.000000 0.000000 0.000000 0.000000 0.000000 0.908389 0.000023 0.967500 0.000024 0.000021 0.000001 0.000182 0.000000 0.000001 0.000000 0.000000
0.245466 0.192575 0.000549 0.004143 0.047964 0.000017 0.000000 0.000001 0.000000 0.094864 0.000000 0.000000 0.000000 0.000000 0.000000 0.905136 0.000026 0.002500 0.038983 0.000022 0.000001 0.000189 0.000000 0.000000 0.000000 0.000001
0.520052 0.467444 0.000531 0.004161 0.047748 0.000016 0.000000 0.000001 0.000000 0.096425 0.000000 0.000000 0.000000 0.000000 0.000000 0.903575 0.000018 0.960317 0.000023 0.000021 0.000001 0.000133 0.000000 0.000000 0.000000 0.000000
0.199829 0.147259 0.000531 0.004144 0.047730 0.000016 0.000000 0.000000 0.000000 0.097178 0.000000 0.000000 0.000000 0.000000 0.000000 0.902822 0.000016 0.780423 0.036112 0.000021 0.000001 0.000130 0.000000 0.000001 0.000000 0.000001
0.204330 0.151502 0.000540 0.003936 0.048190 0.000017 0.000000 0.000001 0.000000 0.097539 0.000000 0.000000 0.000000 0.000000 0.000000 0.902461 0.000015 0.002646 0.036359 0.000021 0.000000 0.000129 0.000000 0.000000 0.000000 0.000001
0.452493 0.398671 0.000521 0.004137 0.048983 0.000018 0.000000 0.000001 0.000000 0.097713 0.000000 0.000000 0.000000 0.000000 0.000000 0.902287 0.000026 0.003390 0.000005 0.000021 0.000000 0.000135 0.000000 0.000001 0.000001 0.000000
0.401540 0.347716 0.000525 0.004180 0.048968 0.000018 0.000000 0.000001 0.000000 0.072505 0.000000 0.000000 0.000000 0.000000 0.000000 0.927495 0.000026 0.004902 0.000024 0.000022 0.000000 0.000106 0.000000 0.000000 0.000001 0.000000
0.411490 0.357152 0.000523 0.004188 0.049483 0.000017 0.000000 0.000000 0.000000 0.059690 0.000000 0.000000 0.000000 0.000000 0.000000 0.940310 0.000026 0.009259 0.000005 0.000021 0.000000 0.000099 0.000000 0.000000 0.000001 0.000000
0.487773 0.433829 0.000439 0.004019 0.049294 0.000017 0.000000 0.000001 0.000000 0.079769 0.000000 0.000000 0.000000 0.000000 0.000000 0.920231 0.000026 0.003817 0.000024 0.000017 0.000001 0.000146 0.000000 0.000001 0.000000 0.000001
0.473147 0.418350 0.000440 0.004267 0.049911 0.000017 0.000000 0.000001 0.000000 0.089214 0.000000 0.000000 0.000000 0.000000 0.000000 0.910786 0.000025 0.003817 0.000024 0.000018 0.000001 0.000135 0.000000 0.000000 0.000000 0.000001
0.502643 0.448185 0.000454 0.004287 0.049529 0.000017 0.000000 0.000001 0.000000 0.093716 0.000000 0.000000 0.000000 0.000000 0.000000 0.906284 0.000023 0.003623 0.000024 0.000019 0.000001 0.000145 0.000000 0.000001 0.000000 0.000001
0.484086 0.429694 0.000463 0.004302 0.049420 0.000018 0.000000 0.000000 0.000000 0.095875 0.000000 0.000000 0.000000 0.000000 0.000000 0.904125 0.000027 0.862319 0.000024 0.000019 0.000001 0.000160 0.000000 0.000000 0.000001 0.000000
0.179847 0.125388 0.000483 0.004349 0.049434 0.000017 0.000000 0.000000 0.000000 0.096912 0.000000 0.000000 0.000000 0.000000 0.000000 0.903088 0.000027 0.003623 0.027022 0.000021 0.000000 0.000147 0.000000 0.000001 0.000001 0.000000
0.440166 0.385524 0.000531 0.004199 0.049755 0.000017 0.000000 0.000001 0.000000 0.055465 0.000000 0.000000 0.000000 0.000000 0.000000 0.944535 0.000025 0.004082 0.000024 0.000023 0.000001 0.000112 0.000000 0.000000 0.000000 0.000001
0.510260 0.452976 0.000256 0.004450 0.052340 0.000018 0.000000 0.000001 0.000030 0.178753 0.000000 0.000000 0.000000 0.000000 0.000000 0.821247 0.000029 0.003436 0.000023 0.000010 0.000045 0.000114 0.000000 0.000000 0.000000 0.000001
0.189987 0.134559 0.000299 0.004412 0.050481 0.000018 0.000000 0.000000 0.000031 0.138305 0.000000 0.000000 0.000000 0.000000 0.000000 0.861695 0.000026 0.003436 0.000023 0.000010 0.000042 0.000116 0.000000 0.000001 0.000001 0.000000
0.509248 0.453514 0.000301 0.004411 0.050792 0.000018 0.000001 0.000001 0.000029 0.117721 0.000000 0.000000 0.000000 0.000000 0.000000 0.882279 0.000028 0.003731 0.000024 0.000010 0.000041 0.000111 0.000000 0.000000 0.000000 0.000000
0.526250 0.470780 0.000300 0.004220 0.050758 0.000018 0.000000 0.000000 0.000000 0.107528 0.000000 0.000000 0.000000 0.000000 0.000000 0.892472 0.000020 0.003226 0.000024 0.000011 0.000000 0.000152 0.000000 0.000001 0.000001 0.000000
0.518478 0.462542 0.000302 0.004437 0.050985 0.000019 0.000000 0.000000 0.000000 0.102549 0.000000 0.000000 0.000000 0.000000 0.000000 0.897451 0.000028 0.961290 0.000005 0.000010 0.000001 0.000163 0.000000 0.000000 0.000000 0.000001
0.144925 0.089270 0.000306 0.004303 0.050872 0.000018 0.000000 0.000001 0.000000 0.049743 0.000000 0.000000 0.000000 0.000000 0.000000 0.950257 0.000027 0.003226 0.030115 0.000010 0.000001 0.000126 0.000000 0.000000 0.000000 0.000000
0.463317 0.404553 0.000569 0.004437 0.053586 0.000021 0.000000 0.000000 0.000000 0.036821 0.000000 0.000000 0.000000 0.000000 0.000000 0.963179 0.000030 0.982558 0.000023 0.000023 0.000001 0.000119 0.000000 0.000000 0.000000 0.000000
0.129749 0.067615 0.000513 0.004454 0.057015 0.000018 0.000000 0.000001 0.000000 0.044819 0.000000 0.000000 0.000000 0.000000 0.000000 0.955181 0.000026 0.005814 0.015931 0.000023 0.000001 0.000106 0.000000 0.000000 0.000000 0.000001
0.425419 0.369144 0.000510 0.004436 0.051222 0.000017 0.000000 0.000001 0.000000 0.047295 0.000000 0.000000 0.000000 0.000000 0.000000 0.952705 0.000016 0.745902 0.000024 0.000022 0.000000 0.000072 0.000000 0.000000 0.000000 0.000001
