0 0 0 0 128 2 1 0 0 0 0 0 2 0 0 0 0 0 0 0 0
0 0 0 0 128 2 1 0 0 0 0 0 2 0 0 1 1 0 0 2 0
0 0 0 0 155 3 1 0 0 0 0 0 2 0 0 0 0 0 0 2 0
0 0 0 0 132 4 1 0 0 0 0 0 2 0 0 0 0 0 0 3 0
0 0 0 0 132 4 1 0 0 0 0 0 2 0 0 4 1 0 0 4 0
0 0 0 0 130 5 1 0 0 0 0 0 2 0 0 0 0 0 0 4 0
0 0 0 0 130 5 1 0 0 0 0 0 2 0 0 6 1 0 0 5 1
0 0 0 0 66 6 1 0 0 0 0 0 2 0 0 0 0 0 0 5 1
0 0 0 0 91 7 1 0 0 0 0 0 2 0 0 0 0 0 0 6 1
0 0 0 0 126 8 1 0 0 0 0 0 2 0 0 0 0 0 0 7 1
0 0 0 0 158 9 1 0 0 0 0 0 2 0 0 0 0 0 0 8 1
0 0 0 0 275 10 1 0 0 0 0 0 2 0 0 0 0 0 0 9 2
0 0 0 0 342 11 1 0 0 0 0 0 2 0 0 0 0 0 0 10 2
0 0 0 0 342 11 1 0 0 0 0 0 2 0 0 13 1 0 0 11 2
0 0 0 0 342 11 1 0 0 0 0 0 2 0 0 14 1 0 0 11 2
0 0 0 0 354 12 1 0 0 0 0 0 2 0 0 0 0 0 0 11 2
0 0 0 0 354 12 1 0 0 0 0 0 2 0 0 16 1 0 0 12 2
0 0 0 0 223 13 1 0 0 0 0 0 2 0 0 0 0 0 0 12 2
0 0 0 0 193 14 1 0 0 0 0 0 2 0 0 0 0 0 0 13 3
0 0 0 0 62 15 1 0 0 0 0 0 2 0 0 0 0 0 0 14 3
0 0 0 0 93 16 1 0 0 0 0 0 2 0 0 0 0 0 0 15 3
0 0 0 0 93 16 1 0 0 0 0 0 2 0 0 21 1 0 0 16 4
0 0 0 0 244 17 1 0 0 0 0 0 2 0 0 0 0 0 0 16 4
0 0 0 0 239 18 1 0 0 0 0 0 2 0 0 0 0 0 0 17 4
0 0 0 0 239 18 1 0 0 0 0 0 2 0 0 24 1 0 0 18 4
0 0 0 0 239 18 1 0 0 0 0 0 2 0 0 25 1 0 0 18 4
0 0 0 0 226 19 1 0 0 0 0 0 2 0 0 0 0 0 0 18 4
0 0 0 0 226 19 1 0 0 0 0 0 2 0 0 27 1 0 0 19 4
0 0 0 0 327 20 1 0 0 0 0 0 2 0 0 0 0 0 0 19 4
0 0 0 0 327 20 1 0 0 0 0 0 2 0 0 29 1 0 0 20 5
0 0 0 0 327 20 1 0 0 0 0 0 2 0 0 30 1 0 0 20 5
0 0 0 0 327 20 1 0 0 0 0 0 2 0 0 31 1 0 0 20 5
0 0 0 0 176 21 1 0 0 0 0 0 2 0 0 0 0 0 0 20 5
0 0 0 0 176 21 1 0 0 0 0 0 2 0 0 33 1 0 0 21 5
0 0 0 0 172 22 1 0 0 0 0 0 2 0 0 0 0 0 0 21 5
0 0 0 0 172 22 1 0 0 0 0 0 2 0 0 35 1 0 0 22 5
0 0 0 0 400 23 1 0 0 0 0 0 2 0 0 0 0 0 0 22 5
0 0 0 0 400 23 1 0 0 0 0 0 2 0 0 37 1 0 0 23 5
0 0 0 0 400 24 1 0 0 0 0 0 2 0 0 0 0 0 0 23 5
0 0 0 0 58 25 1 0 0 0 0 0 2 0 0 0 0 0 0 24 6
0 0 0 0 58 25 1 0 0 0 0 0 2 0 0 40 1 0 0 25 6
0 0 0 0 0 25 1 0 0 0 0 0 0 0 0 0 0 0 0 25 6
0 0 0 0 0 25 1 0 0 0 0 0 0 0 0 0 0 0 0 25 6
0 0 0 0 163 26 1 0 0 0 0 0 2 0 0 0 0 0 0 25 6
0 0 0 0 286 27 1 0 0 0 0 0 2 0 0 0 0 0 0 26 6
0 0 0 0 287 28 1 0 0 0 0 0 2 0 0 0 0 0 0 27 6
0 0 0 0 381 29 1 0 0 0 0 0 2 0 0 0 0 0 0 28 7
0 0 0 0 381 29 1 0 0 0 0 0 2 0 0 47 1 0 0 29 7
0 2 0 0 139 30 2 0 0 0 0 0 2 2 0 0 0 0 0 29 7
0 2 0 0 139 30 2 0 0 0 0 0 2 2 0 49 1 0 0 30 7
0 2 0 0 111 31 3 0 0 0 0 0 2 2 0 0 0 0 0 30 7
0 2 0 0 111 31 3 0 0 0 0 0 2 2 0 51 1 0 0 31 7
0 0 0 0 0 31 4 0 0 0 0 0 0 0 0 0 0 0 0 31 7
0 0 0 0 0 31 5 0 0 0 0 0 0 0 0 0 0 0 0 31 7
0 0 0 0 0 31 6 0 0 0 0 0 0 0 0 0 0 0 0 31 7
0 0 0 0 0 31 7 0 0 0 0 0 0 0 0 0 0 0 0 31 7
0 0 0 0 0 31 8 0 0 0 0 0 0 0 0 0 0 0 0 31 7
0 2 0 0 110 32 9 0 0 0 0 0 2 2 0 0 0 0 0 31 7
0 3 0 0 124 33 10 0 0 0 0 0 2 3 0 0 0 0 0 32 8
0 5 0 0 124 33 10 0 0 0 0 0 2 5 0 59 1 0 0 33 8
0 8 0 0 111 34 11 0 0 0 0 0 2 8 0 0 0 0 0 33 8
0 8 0 0 111 34 11 0 0 0 0 0 2 8 0 61 1 0 0 34 8
0 5 0 0 131 35 12 0 0 0 0 0 2 5 0 0 0 0 0 34 8
0 5 0 0 151 35 13 0 0 0 0 0 2 5 0 0 0 0 0 35 8
0 5 0 0 126 36 14 0 0 0 0 0 2 5 0 0 0 0 0 35 8
0 5 0 0 134 37 15 0 0 0 0 0 2 5 0 0 0 0 0 36 9
0 8 0 0 103 38 16 0 0 0 0 0 2 8 0 0 0 0 0 37 9
0 8 0 0 103 38 16 0 0 0 0 0 2 8 0 67 1 0 0 38 9
2 2 0 0 139 38 17 0 0 0 0 0 2 2 0 0 0 0 0 38 9
2 2 0 0 139 38 17 0 0 0 0 0 2 2 0 69 1 0 0 38 9
2 2 0 0 139 38 17 0 0 0 0 0 2 2 0 70 1 0 0 38 9
2 2 0 0 128 39 18 0 0 0 0 0 2 2 0 0 0 0 0 38 9
3 3 0 0 136 40 19 0 0 0 0 0 2 3 0 0 0 0 0 39 10
3 3 0 0 56 41 20 0 0 0 0 0 2 3 0 0 0 0 0 40 10
0 8 0 0 56 41 20 0 0 0 0 0 2 8 0 74 1 0 0 41 10
0 8 0 0 44 42 21 0 0 0 0 0 2 8 0 0 0 0 0 41 10
0 8 0 0 44 42 21 0 0 0 0 0 2 8 0 76 1 0 0 42 10
0 8 0 0 68 43 22 0 0 0 0 0 2 8 0 0 0 0 0 42 10
0 8 0 0 68 43 22 0 0 0 0 0 2 8 0 78 1 0 0 43 11
0 8 0 0 400 44 23 0 0 0 0 0 2 8 0 0 0 0 0 43 11
0 7 0 0 321 45 24 0 0 0 0 0 2 7 0 0 0 0 0 44 11
0 5 0 0 364 46 25 0 0 0 0 0 2 5 0 0 0 0 0 45 11
0 5 0 0 400 47 26 0 0 0 0 0 2 5 0 0 0 0 0 46 11
0 5 0 0 312 48 27 0 0 0 0 0 2 5 0 0 0 0 0 47 12
0 5 0 0 312 48 27 0 0 0 0 0 2 5 0 84 1 0 0 48 12
0 5 0 0 312 48 27 0 0 0 0 0 2 5 0 85 1 0 0 48 12
0 5 0 0 277 49 28 0 0 0 0 0 2 5 0 0 0 0 0 48 12
0 5 0 0 277 49 28 0 0 0 0 0 2 5 0 87 1 0 0 49 12
0 5 0 0 277 49 28 0 0 0 0 0 2 5 0 88 1 0 0 49 12
0 5 0 0 400 50 29 0 0 0 0 0 2 5 0 0 0 0 0 49 12
0 5 0 0 400 51 30 0 0 0 0 0 2 5 0 0 0 0 0 50 12
0 5 0 0 400 51 30 0 0 0 0 0 2 5 0 91 1 0 0 51 13
0 5 0 0 325 52 31 0 0 0 0 0 2 5 0 0 0 0 0 51 13
0 5 0 0 325 52 31 0 0 0 0 0 2 5 0 93 1 0 0 52 13
0 5 0 0 325 52 31 0 0 0 0 0 2 5 0 94 1 0 0 52 13
0 5 0 0 356 53 32 0 0 0 0 0 2 5 0 0 0 0 0 52 13
0 5 0 0 356 53 32 0 0 0 0 0 2 5 0 96 1 0 0 53 13
0 5 0 0 356 53 32 0 0 0 0 0 2 5 0 97 1 0 0 53 13
0 5 0 0 400 54 33 0 0 0 0 0 2 5 0 0 0 0 0 53 13
0 5 0 0 326 55 34 0 0 0 0 0 2 5 0 0 0 0 0 54 13
0 5 0 0 337 56 35 0 0 0 0 0 2 5 0 0 0 0 0 55 14
0 5 0 0 308 57 36 0 0 0 0 0 2 5 0 0 0 0 0 56 14
0 5 0 0 308 57 36 0 0 0 0 0 2 5 0 102 1 0 0 57 14
0 5 0 0 377 58 37 0 0 0 0 0 2 5 0 0 0 0 0 57 14
0 5 0 0 377 58 37 0 0 0 0 0 2 5 0 104 1 0 0 58 14
0 5 0 0 400 59 38 0 0 0 0 0 2 5 0 0 0 0 0 58 14
0 5 0 0 400 59 38 0 0 0 0 0 2 5 0 106 1 0 0 59 15
0 5 0 0 400 59 38 0 0 0 0 0 2 5 0 107 1 0 0 59 15
0 5 0 0 228 60 39 0 0 0 0 0 2 5 0 0 0 0 0 59 15
0 5 0 0 228 60 39 0 0 0 0 0 2 5 0 109 1 0 0 60 15
0 5 0 0 228 60 39 0 0 0 0 0 2 5 0 110 1 0 0 60 15
0 5 0 0 190 61 40 0 0 0 0 0 2 5 0 0 0 0 0 60 15
0 5 0 0 190 61 40 0 0 0 0 0 2 5 0 112 1 0 0 61 15
0 5 0 0 169 62 41 0 0 0 0 0 2 5 0 0 0 0 0 61 15
0 5 0 0 169 62 41 0 0 0 0 0 2 5 0 114 1 0 0 62 16
0 8 0 0 80 63 42 0 0 0 0 0 2 8 0 0 0 0 0 62 16
0 41 0 0 56 64 43 0 0 0 0 0 2 41 0 0 0 0 0 63 16
0 41 0 0 75 65 44 0 0 0 0 0 2 41 0 0 0 0 0 64 16
0 8 0 0 80 66 45 0 0 0 0 0 2 8 0 0 0 0 0 65 16
0 8 0 0 203 67 46 0 0 0 0 0 2 8 0 0 0 0 0 66 17
0 20 0 0 203 67 46 0 0 0 0 0 2 20 0 120 1 0 0 67 17
0 20 0 0 193 68 47 0 0 0 0 0 2 20 0 0 0 0 0 67 17
0 20 0 0 193 68 47 0 0 0 0 0 2 20 0 122 1 0 0 68 17
0 71 0 0 193 68 47 0 0 0 0 0 2 71 0 123 1 0 0 68 17
0 20 0 0 190 69 48 0 0 0 0 0 2 20 0 0 0 0 0 68 17
0 72 0 0 190 69 48 0 0 0 0 0 2 72 0 125 1 0 0 69 17
0 22 0 0 168 70 49 0 0 0 0 0 2 22 0 0 0 0 0 69 17
0 26 0 0 235 71 50 0 0 0 0 0 2 26 0 0 0 0 0 70 18
0 28 0 0 236 72 51 0 0 0 0 0 2 28 0 0 0 0 0 71 18
0 75 0 0 78 73 52 0 0 0 0 0 2 75 0 0 0 0 0 72 18
0 75 0 0 236 74 53 0 0 0 0 0 2 75 0 0 0 0 0 73 18
0 75 0 0 204 75 54 0 0 0 0 0 2 75 0 0 0 0 0 74 19
0 75 0 0 204 75 54 0 0 0 0 0 2 75 0 132 1 0 0 75 19
0 75 0 0 225 76 55 0 0 0 0 0 2 75 0 0 0 0 0 75 19
0 75 0 0 225 76 55 0 0 0 0 0 2 75 0 134 1 0 0 76 19
0 75 0 0 400 77 56 0 0 0 0 0 2 75 0 0 0 0 0 76 19
0 75 0 0 321 78 57 0 0 0 0 0 2 75 0 0 0 0 0 77 19
0 75 0 0 321 78 57 0 0 0 0 0 2 75 0 137 1 0 0 78 20
0 75 0 0 321 78 57 0 0 0 0 0 2 75 0 138 1 0 0 78 20
0 75 0 0 321 78 57 0 0 0 0 0 2 75 0 139 1 0 0 78 20
0 75 0 0 325 79 58 0 0 0 0 0 2 75 0 0 0 0 0 78 20
0 75 0 0 400 80 59 0 0 0 0 0 2 75 0 0 0 0 0 79 20
0 75 0 0 400 81 60 0 0 0 0 0 2 75 0 0 0 0 0 80 20
0 75 0 0 304 82 61 0 0 0 0 0 2 75 0 0 0 0 0 81 20
0 75 0 0 310 83 62 0 0 0 0 0 2 75 0 0 0 0 0 82 21
0 75 0 0 310 83 62 0 0 0 0 0 2 75 0 145 1 0 0 83 21
0 75 0 0 318 84 63 0 0 0 0 0 2 75 0 0 0 0 0 83 21
0 75 0 0 318 84 63 0 0 0 0 0 2 75 0 147 1 0 0 84 21
0 75 0 0 318 84 63 0 0 0 0 0 2 75 0 148 1 0 0 84 21
0 75 0 0 322 85 64 0 0 0 0 0 2 75 0 0 0 0 0 84 21
0 75 0 0 290 86 65 0 0 0 0 0 2 75 0 0 0 0 0 85 22
0 75 0 0 290 86 65 0 0 0 0 0 2 75 0 151 1 0 0 86 22
0 75 0 0 290 86 65 0 0 0 0 0 2 75 0 152 1 0 0 86 22
0 75 0 0 141 87 66 0 0 0 0 0 2 75 0 0 0 0 0 86 22
0 75 0 0 141 87 66 0 0 0 0 0 2 75 0 154 1 0 0 87 22
0 75 0 0 141 87 66 0 0 0 0 0 2 75 0 155 1 0 0 87 22
0 75 0 0 55 88 67 0 0 0 0 0 2 75 0 0 0 0 0 87 22
0 0 0 0 0 88 68 0 0 0 0 0 0 0 0 0 0 0 0 88 22
0 77 0 0 52 89 69 0 0 0 0 0 2 77 0 0 0 0 0 88 22
0 75 0 0 125 90 70 0 0 0 0 0 2 75 0 0 0 0 0 89 23
0 75 0 0 295 91 71 0 0 0 0 0 2 75 0 0 0 0 0 90 23
0 75 0 0 296 92 72 0 0 0 0 0 2 75 0 0 0 0 0 91 23
0 75 0 0 228 93 73 0 0 0 0 0 2 75 0 0 0 0 0 92 23
0 75 0 0 228 93 73 0 0 0 0 0 2 75 0 163 1 0 0 93 24
0 75 0 0 233 94 74 0 0 0 0 0 2 75 0 0 0 0 0 93 24
0 75 0 0 233 94 74 0 0 0 0 0 2 75 0 165 1 0 0 94 24
0 75 0 0 303 95 75 0 0 0 0 0 2 75 0 0 0 0 0 94 24
0 75 0 0 368 96 76 0 0 0 0 0 2 75 0 0 0 0 0 95 24
0 75 0 0 233 97 77 0 0 0 0 0 2 75 0 0 0 0 0 96 24
0 75 0 0 233 97 77 0 0 0 0 0 2 75 0 169 1 0 0 97 25
0 75 0 0 256 98 78 0 0 0 0 0 2 75 0 0 0 0 0 97 25
0 75 0 0 272 99 79 0 0 0 0 0 2 75 0 0 0 0 0 98 25
0 75 0 0 203 100 80 0 0 0 0 0 2 75 0 0 0 0 0 99 25
0 75 0 0 68 101 81 0 0 0 0 0 2 75 0 0 0 0 0 100 25
0 75 0 0 61 102 82 0 0 0 0 0 2 75 0 0 0 0 0 101 26
0 0 0 0 0 102 83 0 0 0 0 0 0 0 0 0 0 0 0 102 26
0 75 0 0 220 103 84 0 0 0 0 0 2 75 0 0 0 0 0 102 26
0 75 0 0 232 104 85 0 0 0 0 0 2 75 0 0 0 0 0 103 26
0 75 0 0 232 104 85 0 0 0 0 0 2 75 0 178 1 0 0 104 26
0 75 0 0 312 105 86 0 0 0 0 0 2 75 0 0 0 0 0 104 26
0 75 0 0 312 105 86 0 0 0 0 0 2 75 0 180 1 0 0 105 27
0 75 0 0 305 106 87 0 0 0 0 0 2 75 0 0 0 0 0 105 27
0 75 0 0 292 107 88 0 0 0 0 0 2 75 0 0 0 0 0 106 27
0 75 0 0 292 107 88 0 0 0 0 0 2 75 0 183 1 0 0 107 27
0 75 0 0 212 108 89 0 0 0 0 0 2 75 0 0 0 0 0 107 27
0 75 0 0 212 108 89 0 0 0 0 0 2 75 0 185 1 0 0 108 28
0 75 0 0 223 109 90 0 0 0 0 0 2 75 0 0 0 0 0 108 28
0 75 0 0 223 109 90 0 0 0 0 0 2 75 0 187 1 0 0 109 28
0 75 0 0 223 109 90 0 0 0 0 0 2 75 0 188 1 0 0 109 28
0 75 0 0 400 110 91 0 0 0 0 0 2 75 0 0 0 0 0 109 28
0 75 0 0 400 111 92 0 0 0 0 0 2 75 0 0 0 0 0 110 28
50 50 0 0 159 111 93 0 0 0 0 0 2 50 0 0 0 0 0 111 28
50 50 0 0 159 111 93 0 0 0 0 0 2 50 0 192 1 0 0 111 28
52 52 0 0 107 111 94 0 0 0 0 0 2 52 0 0 0 0 0 111 28
52 52 0 0 107 111 94 0 0 0 0 0 2 52 0 194 1 0 0 111 28
0 0 0 0 0 111 95 0 0 0 0 0 0 0 0 0 0 0 0 111 28
0 0 0 0 0 111 96 0 0 0 0 0 0 0 0 0 0 0 0 111 28
0 0 0 0 0 111 97 0 0 0 0 0 0 0 0 0 0 0 0 111 28
0 0 0 0 0 111 98 0 0 0 0 0 0 0 0 0 0 0 0 111 28
52 52 0 0 97 111 99 0 0 0 0 0 2 52 0 0 0 0 0 111 28
52 52 0 0 115 112 100 0 0 0 0 0 2 52 0 0 0 0 0 111 28
52 52 0 0 115 112 100 0 0 0 0 0 2 52 0 201 1 0 0 112 29
52 52 0 0 123 113 101 0 0 0 0 0 2 52 0 0 0 0 0 112 29
0 52 0 0 123 113 101 0 0 0 0 0 2 52 0 203 1 0 0 113 29
0 52 0 0 123 113 101 0 0 0 0 0 2 52 0 204 1 0 0 113 29
0 52 0 0 123 113 101 0 0 0 0 0 2 52 0 205 1 0 0 113 29
0 52 0 0 123 113 101 0 0 0 0 0 2 52 0 206 1 0 0 113 29
0 75 0 0 123 113 101 0 0 0 0 0 2 75 0 207 1 0 0 113 29
0 75 0 0 123 113 101 0 0 0 0 0 2 75 0 208 1 0 0 113 29
0 75 0 0 123 113 101 0 0 0 0 0 2 75 0 209 1 0 0 113 29
0 75 0 0 120 114 102 0 0 0 0 0 2 75 0 0 0 0 0 113 29
0 75 0 0 127 115 103 0 0 0 0 0 2 75 0 0 0 0 0 114 29
0 75 0 0 145 116 104 0 0 0 0 0 2 75 0 0 0 0 0 115 29
0 75 0 0 142 117 105 0 0 0 0 0 2 75 0 0 0 0 0 116 30
0 75 0 0 142 117 105 0 0 0 0 0 2 75 0 214 1 0 0 117 30
0 75 0 0 153 118 106 0 0 0 0 0 2 75 0 0 0 0 0 117 30
0 75 0 0 153 118 106 0 0 0 0 0 2 75 0 216 1 0 0 118 30
0 75 0 0 153 119 107 0 0 0 0 0 2 75 0 0 0 0 0 118 30
0 75 0 0 153 119 107 0 0 0 0 0 2 75 0 218 1 0 0 119 30
0 75 0 0 140 120 108 0 0 0 0 0 2 75 0 0 0 0 0 119 30
0 75 0 0 78 121 109 0 0 0 0 0 2 75 0 0 0 0 0 120 31
0 75 0 0 145 122 110 0 0 0 0 0 2 75 0 0 0 0 0 121 31
0 75 0 0 271 123 111 0 0 0 0 0 2 75 0 0 0 0 0 122 31
0 75 0 0 400 124 112 0 0 0 0 0 2 75 0 0 0 0 0 123 31
81 81 0 0 378 124 113 0 0 0 0 0 2 81 0 0 0 0 0 124 32
81 81 0 0 342 125 114 0 0 0 0 0 2 81 0 0 0 0 0 124 32
81 81 0 0 342 125 114 0 0 0 0 0 2 81 0 226 1 0 0 125 32
86 86 0 0 254 125 115 0 0 0 0 0 2 86 0 0 0 0 0 125 32
86 86 0 0 288 126 116 0 0 0 0 0 2 86 0 0 0 0 0 125 32
86 86 0 0 282 127 117 0 0 0 0 0 2 86 0 0 0 0 0 126 32
86 86 0 0 305 128 118 0 0 0 0 0 2 86 0 0 0 0 0 127 32
86 86 0 0 296 129 119 0 0 0 0 0 2 86 0 0 0 0 0 128 33
0 86 0 0 296 129 119 0 0 0 0 0 2 86 0 232 1 0 0 129 33
0 86 0 0 400 130 120 0 0 0 0 0 2 86 0 0 0 0 0 129 33
0 86 0 0 400 130 120 0 0 0 0 0 2 86 0 234 1 0 0 130 33
0 75 0 0 318 131 121 0 0 0 0 0 2 75 0 0 0 0 0 130 33
95 95 0 0 330 131 122 0 0 0 0 0 2 95 0 0 0 0 0 131 34
95 95 0 0 400 132 123 0 0 0 0 0 2 95 0 0 0 0 0 131 34
95 95 0 0 400 133 124 0 0 0 0 0 2 95 0 0 0 0 0 132 34
98 98 0 0 323 133 125 0 0 0 0 0 2 98 0 0 0 0 0 133 34
98 98 0 0 316 134 126 0 0 0 0 0 2 98 0 0 0 0 0 133 34
98 98 0 0 333 135 127 0 0 0 0 0 2 98 0 0 0 0 0 134 34
99 99 0 0 400 135 128 0 0 0 0 0 2 99 0 0 0 0 0 135 35
99 99 0 0 400 135 128 0 0 0 0 0 2 99 0 243 1 0 0 135 35
99 99 0 0 289 136 129 0 0 0 0 0 2 99 0 0 0 0 0 135 35
99 99 0 0 316 137 130 0 0 0 0 0 2 99 0 0 0 0 0 136 35
99 99 0 0 330 138 131 0 0 0 0 0 2 99 0 0 0 0 0 137 35
99 99 0 0 391 139 132 0 0 0 0 0 2 99 0 0 0 0 0 138 35
99 99 0 0 391 139 132 0 0 0 0 0 2 99 0 248 1 0 0 139 36
99 99 0 0 341 140 133 0 0 0 0 0 2 99 0 0 0 0 0 139 36
99 99 0 0 228 141 134 0 0 0 0 0 2 99 0 0 0 0 0 140 36
0 99 0 0 225 142 135 0 0 0 0 0 2 99 0 0 0 0 0 141 36
0 100 0 0 228 143 136 0 0 0 0 0 2 100 0 0 0 0 0 142 36
0 100 0 0 229 144 137 0 0 0 0 0 2 100 0 0 0 0 0 143 37
0 210 0 0 229 144 137 0 0 0 0 0 2 210 0 254 1 0 0 144 37
0 210 0 0 183 145 138 0 0 0 0 0 2 210 0 0 0 0 0 144 37
0 210 0 0 195 146 139 0 0 0 0 0 2 210 0 0 0 0 0 145 37
115 115 0 0 191 146 140 0 0 0 0 0 2 115 0 0 0 0 0 146 37
116 116 0 0 106 146 141 0 0 0 0 0 2 116 0 0 0 0 0 146 37
117 117 0 0 88 146 142 0 0 0 0 0 2 117 0 0 0 0 0 146 37
118 118 0 0 92 146 143 0 0 0 0 0 2 118 0 0 0 0 0 146 37
118 118 0 0 99 147 144 0 0 0 0 0 2 118 0 0 0 0 0 146 37
121 121 0 0 133 147 145 0 0 0 0 0 2 121 0 0 0 0 0 147 38
121 121 0 0 133 147 145 0 0 0 0 0 2 121 0 263 1 0 0 147 38
124 124 0 0 222 147 146 0 0 0 0 0 2 124 0 0 0 0 0 147 38
124 124 0 0 211 148 147 0 0 0 0 0 2 124 0 0 0 0 0 147 38
124 124 0 0 211 148 147 0 0 0 0 0 2 124 0 266 1 0 0 148 38
121 121 0 0 150 149 148 0 0 0 0 0 2 121 0 0 0 0 0 148 38
126 126 0 0 125 149 149 0 0 0 0 0 2 126 0 0 0 0 0 149 38
127 127 0 0 264 149 150 0 0 0 0 0 2 127 0 0 0 0 0 149 38
127 127 0 0 278 150 151 0 0 0 0 0 2 127 0 0 0 0 0 149 38
127 127 0 0 211 151 152 0 0 0 0 0 2 127 0 0 0 0 0 150 38
0 0 0 0 0 151 153 0 0 0 0 0 0 0 0 0 0 0 0 151 39
131 131 0 0 177 151 154 0 0 0 0 0 2 131 0 0 0 0 0 151 39
135 135 0 0 195 151 155 0 0 0 0 0 2 135 0 0 0 0 0 151 39
135 135 0 0 219 152 156 0 0 0 0 0 2 135 0 0 0 0 0 151 39
135 135 0 0 324 153 157 0 0 0 0 0 2 135 0 0 0 0 0 152 39
135 135 0 0 324 153 157 0 0 0 0 0 2 135 0 277 1 0 0 153 39
131 131 0 0 400 154 158 0 0 0 0 0 2 131 0 0 0 0 0 153 39
140 140 0 0 271 154 159 0 0 0 0 0 2 140 0 0 0 0 0 154 40
140 140 0 0 241 155 160 0 0 0 0 0 2 140 0 0 0 0 0 154 40
140 140 0 0 241 155 160 0 0 0 0 0 2 140 0 281 1 0 0 155 40
141 141 0 0 309 155 161 0 0 0 0 0 2 141 0 0 0 0 0 155 40
141 141 0 0 309 155 161 0 0 0 0 0 2 141 0 283 1 0 0 155 40
141 141 0 0 400 156 162 0 0 0 0 0 2 141 0 0 0 0 0 155 40
141 141 0 0 392 157 163 0 0 0 0 0 2 141 0 0 0 0 0 156 40
140 140 0 0 392 157 163 0 0 0 0 0 2 140 0 286 1 0 0 157 40
149 149 0 0 300 157 164 0 0 0 0 0 2 149 0 0 0 0 0 157 40
149 149 0 0 300 157 164 0 0 0 0 0 2 149 0 288 1 0 0 157 40
149 149 0 0 300 157 164 0 0 0 0 0 2 149 0 289 1 0 0 157 40
149 149 0 0 302 158 165 0 0 0 0 0 2 149 0 0 0 0 0 157 40
149 149 0 0 302 158 165 0 0 0 0 0 2 149 0 291 1 0 0 158 41
150 150 0 0 387 158 166 0 0 0 0 0 2 150 0 0 0 0 0 158 41
150 150 0 0 303 159 167 0 0 0 0 0 2 150 0 0 0 0 0 158 41
149 149 0 0 303 159 167 0 0 0 0 0 2 149 0 294 1 0 0 159 41
150 150 0 0 361 160 168 0 0 0 0 0 2 150 0 0 0 0 0 159 41
141 141 0 0 361 160 168 0 0 0 0 0 2 141 0 296 1 0 0 160 41
157 157 0 0 167 160 169 0 0 0 0 0 2 157 0 0 0 0 0 160 41
157 157 0 0 167 160 169 0 0 0 0 0 2 157 0 298 1 0 0 160 41
157 157 0 0 94 161 170 0 0 0 0 0 2 157 0 0 0 0 0 160 41
157 157 0 0 94 161 170 0 0 0 0 0 2 157 0 300 1 0 0 161 41
160 160 0 0 182 161 171 0 0 0 0 0 2 160 0 0 0 0 0 161 41
161 161 0 0 308 161 172 0 0 0 0 0 2 161 0 0 0 0 0 161 41
161 161 0 0 352 162 173 0 0 0 0 0 2 161 0 0 0 0 0 161 41
164 164 0 0 291 162 174 0 0 0 0 0 2 164 0 0 0 0 0 162 42
164 164 0 0 291 162 174 0 0 0 0 0 2 164 0 305 1 0 0 162 42
164 164 0 0 262 163 175 0 0 0 0 0 2 164 0 0 0 0 0 162 42
167 167 0 0 312 163 176 0 0 0 0 0 2 167 0 0 0 0 0 163 42
167 167 0 0 318 164 177 0 0 0 0 0 2 167 0 0 0 0 0 163 42
168 168 0 0 355 164 178 0 0 0 0 0 2 168 0 0 0 0 0 164 42
170 170 0 0 293 164 179 0 0 0 0 0 2 170 0 0 0 0 0 164 42
170 170 0 0 247 165 180 0 0 0 0 0 2 170 0 0 0 0 0 164 42
171 171 0 0 233 165 181 0 0 0 0 0 2 171 0 0 0 0 0 165 42
171 171 0 0 220 166 182 0 0 0 0 0 2 171 0 0 0 0 0 165 42
171 171 0 0 68 167 183 0 0 0 0 0 2 171 0 0 0 0 0 166 43
174 174 0 0 66 167 184 0 0 0 0 0 2 174 0 0 0 0 0 167 43
0 0 0 0 0 167 185 0 0 0 0 0 0 0 0 0 0 0 0 167 43
0 0 0 0 0 167 186 0 0 0 0 0 0 0 0 0 0 0 0 167 43
174 174 0 0 216 168 187 0 0 0 0 0 2 174 0 0 0 0 0 167 43
179 179 0 0 324 168 188 0 0 0 0 0 2 179 0 0 0 0 0 168 43
181 181 0 0 400 168 189 0 0 0 0 0 2 181 0 0 0 0 0 168 43
181 181 0 0 400 168 189 0 0 0 0 0 2 181 0 321 1 0 0 168 43
181 181 0 0 400 169 190 0 0 0 0 0 2 181 0 0 0 0 0 168 43
181 181 0 0 350 170 191 0 0 0 0 0 2 181 0 0 0 0 0 169 43
179 179 0 0 350 170 191 0 0 0 0 0 2 179 0 324 1 0 0 170 44
181 181 0 0 254 171 192 0 0 0 0 0 2 181 0 0 0 0 0 170 44
174 174 0 0 254 171 192 0 0 0 0 0 2 174 0 326 1 0 0 171 44
181 181 0 0 249 172 193 0 0 0 0 0 2 181 0 0 0 0 0 171 44
181 181 0 0 249 172 193 0 0 0 0 0 2 181 0 328 1 0 0 172 44
189 189 0 0 310 172 194 0 0 0 0 0 2 189 0 0 0 0 0 172 44
190 190 0 0 303 172 195 0 0 0 0 0 2 190 0 0 0 0 0 172 44
190 190 0 0 303 172 195 0 0 0 0 0 2 190 0 331 1 0 0 172 44
190 190 0 0 150 173 196 0 0 0 0 0 2 190 0 0 0 0 0 172 44
189 189 0 0 155 174 197 0 0 0 0 0 2 189 0 0 0 0 0 173 44
174 174 0 0 117 175 198 0 0 0 0 0 2 174 0 0 0 0 0 174 45
195 195 0 0 93 175 199 0 0 0 0 0 2 195 0 0 0 0 0 175 45
195 195 0 0 93 175 199 0 0 0 0 0 2 195 0 336 1 0 0 175 45
0 0 0 0 0 175 200 0 0 0 0 0 0 0 0 0 0 0 0 175 45
0 0 0 0 0 175 201 0 0 0 0 0 0 0 0 0 0 0 0 175 45
0 0 0 0 0 175 202 0 0 0 0 0 0 0 0 0 0 0 0 175 45
0 0 0 0 0 175 203 0 0 0 0 0 0 0 0 0 0 0 0 175 45
200 200 0 0 87 175 204 0 0 0 0 0 2 200 0 0 0 0 0 175 45
210 210 0 0 154 176 205 0 0 0 0 0 2 210 0 0 0 0 0 175 45
210 210 0 0 154 176 205 0 0 0 0 0 2 210 0 343 1 0 0 176 45
0 210 0 0 169 177 206 0 0 0 0 0 2 210 0 0 0 0 0 176 45
0 210 0 0 169 177 206 0 0 0 0 0 2 210 0 345 1 0 0 177 46
0 210 0 0 169 177 206 0 0 0 0 0 2 210 0 346 1 0 0 177 46
0 210 0 0 169 177 206 0 0 0 0 0 2 210 0 347 1 0 0 177 46
0 210 0 0 169 177 206 0 0 0 0 0 2 210 0 348 1 0 0 177 46
0 210 0 0 169 177 206 0 0 0 0 0 2 210 0 349 1 0 0 177 46
0 210 0 0 169 177 206 0 0 0 0 0 2 210 0 350 1 0 0 177 46
0 210 0 0 169 177 206 0 0 0 0 0 2 210 0 351 1 0 0 177 46
0 210 0 0 169 177 206 0 0 0 0 0 2 210 0 352 1 0 0 177 46
0 210 0 0 169 177 206 0 0 0 0 0 2 210 0 353 1 0 0 177 46
0 210 0 0 169 177 206 0 0 0 0 0 2 210 0 354 1 0 0 177 46
0 210 0 0 169 177 206 0 0 0 0 0 2 210 0 355 1 0 0 177 46
0 210 0 0 164 178 207 0 0 0 0 0 2 210 0 0 0 0 0 177 46
0 210 0 0 164 178 207 0 0 0 0 0 2 210 0 357 1 0 0 178 46
0 202 0 0 121 179 208 0 0 0 0 0 2 202 0 0 0 0 0 178 46
0 202 0 0 121 179 208 0 0 0 0 0 2 202 0 359 1 0 0 179 46
0 210 0 0 143 180 209 0 0 0 0 0 2 210 0 0 0 0 0 179 46
0 174 0 0 95 181 210 0 0 0 0 0 2 174 0 0 0 0 0 180 46
0 210 0 0 164 182 211 0 0 0 0 0 2 210 0 0 0 0 0 181 47
0 210 0 0 400 183 212 0 0 0 0 0 2 210 0 0 0 0 0 182 47
0 210 0 0 400 184 213 0 0 0 0 0 2 210 0 0 0 0 0 183 47
0 210 0 0 400 184 213 0 0 0 0 0 2 210 0 365 1 0 0 184 47
0 210 0 0 378 185 214 0 0 0 0 0 2 210 0 0 0 0 0 184 47
0 210 0 0 378 185 214 0 0 0 0 0 2 210 0 367 1 0 0 185 48
0 210 0 0 378 185 214 0 0 0 0 0 2 210 0 368 1 0 0 185 48
0 210 0 0 295 186 215 0 0 0 0 0 2 210 0 0 0 0 0 185 48
0 316 0 0 204 187 216 0 0 0 0 0 2 316 0 0 0 0 0 186 48
0 316 0 0 95 188 217 0 0 0 0 0 2 316 0 0 0 0 0 187 48
0 316 0 0 108 189 218 0 0 0 0 0 2 316 0 0 0 0 0 188 48
0 322 0 0 262 190 219 0 0 0 0 0 2 322 0 0 0 0 0 189 49
0 323 0 0 233 191 220 0 0 0 0 0 2 323 0 0 0 0 0 190 49
0 325 0 0 276 192 221 0 0 0 0 0 2 325 0 0 0 0 0 191 49
0 325 0 0 276 192 221 0 0 0 0 0 2 325 0 376 1 0 0 192 49
0 327 0 0 245 193 222 0 0 0 0 0 2 327 0 0 0 0 0 192 49
0 316 0 0 149 194 223 0 0 0 0 0 2 316 0 0 0 0 0 193 50
28 28 0 0 291 194 224 0 0 0 0 0 2 28 0 0 0 0 0 194 50
28 28 0 0 261 195 225 0 0 0 0 0 2 28 0 0 0 0 0 194 50
28 28 0 0 268 196 226 0 0 0 0 0 2 28 0 0 0 0 0 195 50
0 28 0 0 310 197 227 0 0 0 0 0 2 28 0 0 0 0 0 196 50
0 28 0 0 310 197 227 0 0 0 0 0 2 28 0 383 1 0 0 197 51
0 28 0 0 172 198 228 0 0 0 0 0 2 28 0 0 0 0 0 197 51
0 335 0 0 172 198 228 0 0 0 0 0 2 335 0 385 1 0 0 198 51
0 335 0 0 122 199 229 0 0 0 0 0 2 335 0 0 0 0 0 198 51
0 335 0 0 122 199 229 0 0 0 0 0 2 335 0 387 1 0 0 199 51
